{
  "schema": "anima/alm_gemma2_9b_BASE_eigen/1",
  "dest": "alm",
  "round": "BASE",
  "source": "real_gram_h_last_BASE",
  "source_provenance": {
    "h_last_file": "state/h_last_raw_gemma2_9b_BASE.json",
    "base_model": "google/gemma-2-9b",
    "method": "G=H@H.T eigh",
    "hidden_dim_truncated": 256
  },
  "eigenvectors": [
    [
      0.29571399673412907,
      0.3255148569831482,
      0.34873507267980075,
      0.31938798003933533,
      0.25964007316861076,
      0.3109326187185726,
      0.022777627400224584,
      0.01711787953644811,
      0.03036281422212777,
      0.08498822198051213,
      0.05083520826916105,
      0.023509320325586343,
      0.27870291591583674,
      0.2973563182084517,
      0.40158137249185133,
      0.2818139018296056
    ],
    [
      -0.034157284865432985,
      0.05829933479572143,
      0.12119975407894627,
      0.1581090575910412,
      -0.034835696752927386,
      0.024762522719183316,
      0.3038413809296694,
      0.37396174411355193,
      0.4549406035922893,
      0.22399919739963323,
      0.36064602662574285,
      0.35921751857640294,
      -0.43640419479527787,
      -0.09884722304271411,
      -0.004431723727331256,
      -0.07255703637422456
    ],
    [
      0.32196701984581366,
      0.21173364413399476,
      0.17659278832436806,
      -0.00706007040482517,
      0.4344836011429677,
      0.22452876314547904,
      0.011173096672598623,
      -0.05525158957207928,
      -0.11323783005073465,
      -0.21443880785831468,
      -0.1675376835213244,
      -0.05752343699846344,
      -0.35366243023319344,
      -0.356859169550138,
      -0.4782346731393752,
      0.08115349340886246
    ],
    [
      -0.0936065136659273,
      0.06665391271013198,
      0.09200548321468764,
      -0.21066045583697574,
      -0.5141050344290863,
      0.4785695516063313,
      -0.17889289083554005,
      -0.04397398132895363,
      -0.038978031527300075,
      -0.05867881066625043,
      -0.13894790077634675,
      -0.12987548819744735,
      -0.4956627038028134,
      0.12481070791410294,
      0.18075682822231456,
      0.2676082011477667
    ],
    [
      -0.07313330525413396,
      0.14419857040832906,
      0.05975280045492612,
      0.5795530944974234,
      -0.14220820628759953,
      -0.5330674026135599,
      -0.1368166453013305,
      -0.012426675529770097,
      -0.07344688957976883,
      -0.40971248916982134,
      -0.028714855141273504,
      -0.09002782339631266,
      -0.2939721441264044,
      0.023049153025116696,
      0.09948320796952834,
      0.17920029068844803
    ],
    [
      -0.37997284329895964,
      -0.04757178635346173,
      0.3757274985271432,
      0.2936794076938497,
      0.11079470741876578,
      0.23949914695853447,
      -0.17642574151307747,
      -0.14027980889439556,
      -0.05897499197667456,
      0.05712984531659741,
      -0.10006463273216079,
      -0.10202890753204469,
      -0.0877326392416949,
      -0.011964531940751012,
      0.07652969117119565,
      -0.6816431492823967
    ],
    [
      0.6755194291975333,
      0.22626112050256048,
      -0.10777992533664979,
      -0.07506011334915755,
      -0.26028306934543394,
      -0.15522329020538436,
      -0.014464598917894237,
      -0.008571783949593494,
      -0.025711214063536054,
      0.040510248922473326,
      -0.0960093021630208,
      -0.0020755631542386387,
      -0.14026895305516443,
      0.24914341241818402,
      0.056348784052879415,
      -0.535403942481355
    ],
    [
      -0.18137796585509505,
      0.5424413939503542,
      0.32555100165787815,
      -0.46985590327272636,
      -0.018363732821722913,
      -0.31652166517385305,
      -0.05384157731049145,
      0.05821582964996797,
      0.1334418348710484,
      -0.027051593442949547,
      -0.1256790730584067,
      0.001125965677278385,
      0.10831319646346871,
      -0.3462834420814203,
      0.26694542556964757,
      -0.04540168949018411
    ],
    [
      -0.1519044019639554,
      0.5260081717669634,
      -0.2751095541132067,
      0.2740599724134618,
      -0.36402625926073184,
      0.27831069253694635,
      -0.02100960283828991,
      0.2141112625278489,
      -0.12147864700751038,
      -0.031790260497992245,
      0.12072420156397073,
      0.01067491533067949,
      0.33677750394298506,
      -0.16020506815750332,
      -0.34329071736699107,
      -0.0761583142711601
    ],
    [
      0.10635867733837874,
      -0.19126952567274041,
      0.6347690792687096,
      -0.06004487851851404,
      -0.3725298800597358,
      -0.0821334919151206,
      0.09468123688804499,
      -0.07214814409878195,
      0.18558939706031086,
      -0.17129073468787825,
      0.1174525084520336,
      -0.05530306410266498,
      0.2667446933087409,
      0.159891383602157,
      -0.4537164938718385,
      0.05155785122446543
    ],
    [
      0.266429171595697,
      -0.3350353858388722,
      -0.018336728783439376,
      0.13161452889585715,
      -0.19388950842864985,
      0.2126927300415125,
      0.13575899299368197,
      0.11576311056158692,
      0.1326494431394123,
      -0.3756632032401633,
      -0.07703544164520854,
      -0.03194537670321438,
      0.19625589755335474,
      -0.5765376979905652,
      0.3727458630948759,
      -0.0944455912353185
    ],
    [
      0.1766951232517607,
      -0.06303129206239619,
      0.07812698137267265,
      0.24249218946199766,
      -0.18730737317084054,
      -0.13945498584916172,
      -0.17191957254280704,
      -0.18845660089437927,
      0.03868370118507162,
      0.717089752836267,
      -0.07717608967701445,
      -0.2762160350074067,
      -0.009184518519762229,
      -0.3890689268153916,
      -0.046121501189437454,
      0.16954014352449295
    ],
    [
      -0.07809970037354323,
      -0.013429172826874954,
      -0.1023051569853635,
      0.12188495551060505,
      0.03093029582029871,
      0.008754546626132913,
      0.005040891526506893,
      0.24664569203512055,
      0.49092118642283594,
      0.034146879241281784,
      -0.7789600163717141,
      0.010852161106564376,
      0.08292004846173281,
      0.17301527706370476,
      -0.13777841662834414,
      0.040570476333580414
    ],
    [
      0.12222840175927556,
      -0.08343662779163206,
      -0.05004860605152451,
      -0.06469507099550188,
      0.11710114503822078,
      0.03272959044168141,
      -0.853933021162125,
      0.20669341548537265,
      0.31371893056008854,
      -0.09892025374069217,
      0.2579440880628998,
      0.05757510136935589,
      0.05783967796210496,
      -0.011959675722924164,
      -0.05603239096607866,
      -0.004199403264783076
    ],
    [
      -0.047254159202805776,
      0.18684305342642554,
      -0.25163737980568845,
      0.009306824708171596,
      0.06676668542955715,
      0.08084431343189584,
      0.13695049628885483,
      -0.5675314538964128,
      0.5844361305059932,
      -0.15155972655161706,
      0.22047643535328781,
      -0.3627330225666095,
      -0.01496278337837622,
      0.03183992347726528,
      0.0016221780681128313,
      -0.04057590904552129
    ],
    [
      0.012007350146251788,
      0.03649246918920293,
      -0.01879465181675132,
      0.07791074320098267,
      -0.12088177036708028,
      0.02987469924152492,
      -0.12925121427157998,
      -0.5531397159972228,
      0.03381138470018364,
      -0.00773792934142543,
      -0.14812356504769442,
      0.7849948535405559,
      0.04445299483924709,
      -0.10065199961444013,
      -0.015607126561342326,
      0.0470681044485653
    ]
  ],
  "eigenvalues_sorted_desc_abs": [
    5163.98723963049,
    1293.3105044645463,
    881.2136364108192,
    677.9586096686556,
    515.3207676781351,
    503.8789409690427,
    437.40725043990665,
    378.52897334217926,
    363.2052027170786,
    300.8403726625982,
    211.76954380555748,
    200.5028292660722,
    151.72862167070863,
    149.4135093806542,
    111.62278242949948,
    76.50338721320786
  ],
  "ts": "2026-04-26T04:00:49Z"
}