{
  "schema": "anima/alm_lora_eigen/1",
  "dest": "alm",
  "source_provenance": {
    "base_model": "Qwen/Qwen3-8B",
    "lora_path": "/workspace/lora_qwen3_c2_ia3",
    "method": "G=H@H.T eigh",
    "hidden_dim_truncated": 256
  },
  "eigenvectors": [
    [
      0.33443235728512155,
      0.24132930611363324,
      0.2848881988053199,
      0.29656018259699624,
      0.25054266083604704,
      0.3166658822118774,
      0.07269807249766332,
      0.05953936832036009,
      0.07130628536428757,
      0.14015209178899204,
      0.12078973605015714,
      0.06815054901317617,
      0.3134833699639508,
      0.30647401381107675,
      0.40034547064628956,
      0.3041226588510897
    ],
    [
      -0.13013121323200205,
      -0.03639527490576185,
      -0.12824136817752446,
      0.0029108002737165224,
      -0.025570243620797163,
      -0.135489556324501,
      0.36347823862560463,
      0.43095885134382905,
      0.4342220614996603,
      0.3284545832801059,
      0.2793459915090606,
      0.4786429350376829,
      -0.007022587393518764,
      0.049818468026323476,
      -0.08398596864502568,
      -0.12363016490888988
    ],
    [
      -0.02295045614118683,
      0.2791789573209742,
      0.3578216329627675,
      0.3082607141388121,
      0.43006809597250995,
      0.03417280148817061,
      0.17872608163816284,
      0.11230179955583583,
      0.03275811930751768,
      -0.19187715383152143,
      -0.2961512309078658,
      0.14844208682791882,
      -0.3143847354042329,
      -0.4084476268379502,
      -0.18615289100685262,
      -0.14085339069514427
    ],
    [
      -0.6004761904259175,
      0.08284872327720036,
      0.009336340194878815,
      0.04595688417498317,
      0.28627666580937894,
      -0.27549366531101377,
      -0.2796001956422952,
      0.17820937758660768,
      -0.08594667887070458,
      -0.15814102441984818,
      -0.25531952184735474,
      0.14297403195348393,
      0.29536735971742595,
      0.3816618764895433,
      0.10158741173424501,
      -0.03642219127775176
    ],
    [
      -0.24560240755007287,
      -0.12497232742210565,
      0.17120232330220153,
      0.21586105185259558,
      0.16667896010848204,
      -0.10776202175049829,
      0.05086532993112666,
      -0.6903277895915696,
      -0.07859245959845709,
      0.2711085356483556,
      0.3432391937886907,
      0.16514152082968292,
      0.11047936237315896,
      -0.09942420600378667,
      0.06333282335864762,
      -0.2806376489374189
    ],
    [
      -0.25407506417244147,
      0.23496313183511602,
      0.5126466914855948,
      -0.04272266984394841,
      -0.3134608892591825,
      0.04523030592160992,
      -0.3409493885926149,
      0.2777056802590335,
      -0.03225003376311664,
      0.27302803560865635,
      0.2761344573557516,
      -0.2437504175291104,
      -0.2658587505861759,
      -0.031169302270275104,
      0.13111179803144946,
      -0.14779820633025065
    ],
    [
      0.07020717799636936,
      0.4020972938309106,
      -0.006999889015072806,
      0.00034801376041646747,
      -0.3918012325417857,
      -0.3403704705442647,
      0.20953406962533203,
      -0.20225587025053962,
      -0.10471180733305126,
      -0.351786114473283,
      0.020842625543009932,
      0.32720546522529814,
      -0.2731018086804196,
      0.15568550283971655,
      0.3712391321541364,
      0.01761933829569833
    ],
    [
      0.08480654465417262,
      -0.1532608886740707,
      0.20003186738349066,
      -0.13412973119695654,
      -0.13248300485593023,
      0.2551466944927535,
      -0.5246253297449974,
      -0.09247021539213092,
      0.121495795326014,
      -0.2056352872444319,
      0.046722633230697495,
      0.6410299332214062,
      0.02647639916468261,
      -0.10199297320686056,
      -0.18061817864611387,
      0.17608346162606284
    ],
    [
      0.19302477036308358,
      -0.04125463383291178,
      -0.17361600800188412,
      0.1498016844462125,
      0.20682490712744642,
      -0.1285658255689946,
      -0.1300137888685572,
      0.33849571682070706,
      -0.49410276614876847,
      -0.2929148515831784,
      0.5798345897279107,
      0.05610168860192846,
      0.07838531135077619,
      -0.13979102876410235,
      -0.012552265909515256,
      -0.15010738876215332
    ],
    [
      -0.08275655749834568,
      0.25311142571307005,
      0.2557858853041008,
      -0.08004638765100602,
      -0.3672770056233304,
      0.05681005664046617,
      0.31536770271396913,
      0.0336905519001198,
      -0.2045537721052686,
      -0.09071621626172424,
      -0.027524891062174095,
      0.009352046453070698,
      0.6421899286133151,
      -0.1613470632807316,
      -0.3571183673730291,
      -0.04061313749436758
    ],
    [
      0.27950373350959923,
      0.05530870380416938,
      -0.12131658576141742,
      0.1649094773099032,
      -0.1231985659503842,
      -0.20527968822736511,
      -0.1973799311734619,
      0.09007483322498604,
      -0.42639632256180554,
      0.584832050789797,
      -0.4050222615521963,
      0.2641417157448291,
      0.028427433322083022,
      -0.08795716423081382,
      0.012408838391326222,
      -0.07849216418866874
    ],
    [
      -0.09708561717234032,
      0.05659160929143152,
      -0.022006215555504683,
      0.23221334879965713,
      -0.047686324996641875,
      0.23272289976242244,
      0.12299466720652849,
      -0.07417084839176462,
      -0.2888221035225674,
      0.06099419769070482,
      0.09483671675262487,
      0.04692487354070234,
      -0.33843898853314647,
      0.5643276837306856,
      -0.5528620901174768,
      0.13749146418859384
    ],
    [
      0.26820176389865624,
      0.24757828209667287,
      -0.0029476786582017054,
      0.285817654014333,
      -0.018871627608742923,
      -0.5306533153560923,
      -0.3093478145166639,
      -0.10842359048633265,
      0.4095614159324159,
      -0.010692127919162556,
      0.12034019370266391,
      -0.20231706615526912,
      0.11703783580013744,
      0.05406517638050125,
      -0.3755083471143509,
      0.12155374784974267
    ],
    [
      -0.40180698234727363,
      0.2769114939881857,
      -0.38813199977354523,
      0.21583838795324822,
      -0.0607722977220407,
      0.1294638966839809,
      -0.054309263295757325,
      -0.03822172439539384,
      -0.03966878520553112,
      0.11852247161869775,
      0.1243164291746047,
      -0.0004435105021001312,
      -0.02337283966961593,
      -0.40904583388262167,
      0.054220445644137714,
      0.581285940671079
    ],
    [
      -0.011906240922613743,
      0.2445055499212625,
      -0.387153681025012,
      0.3512110431023296,
      -0.20321524114410053,
      0.43250008173348387,
      -0.1932564416873736,
      -0.022556591241071837,
      0.20913997316702712,
      -0.11655886172357234,
      -0.07475975620094207,
      -0.01795344817260183,
      0.09479406649408788,
      0.04180943470702025,
      0.056403267716920016,
      -0.5687498434360061
    ],
    [
      -0.08915519427626628,
      -0.5743230035097822,
      0.17543297736342975,
      0.6220140467557748,
      -0.36344934434248605,
      -0.09068636883528036,
      0.08982611559770481,
      0.14203382338747764,
      0.026429979803375536,
      -0.17041372015855694,
      -0.11078393611083344,
      -0.05146521636350809,
      0.0171979513839621,
      -0.0428151431682889,
      0.1241971360845197,
      0.11725822003536263
    ]
  ],
  "eigenvalues_sorted_desc_abs": [
    5374.328057780512,
    345.6730084557709,
    134.50867811702744,
    87.43193841302468,
    53.8801660207996,
    44.360554608708064,
    42.254040593565016,
    39.0813574113837,
    35.54477306070791,
    30.203680220616658,
    28.568173414701317,
    25.423313866457015,
    23.973195236517892,
    19.577868619813554,
    16.670307532595505,
    15.72089113181488
  ],
  "ts": "2026-04-26T07:26:49Z"
}