{
  "schema": "anima/alm_r14_lora_eigen/1",
  "schema_version": 1,
  "dest": "alm",
  "round": "r14",
  "source": "real_gram_h_last_r14",
  "source_provenance": {
    "h_last_file": "state/h_last_raw_p1_TRAINED_r14.json",
    "schema_of_h_last": "anima/h_last_raw/2",
    "reduction": "byte_weighted_mean",
    "base_model": "meta-llama/Llama-3.1-8B",
    "lora_rank": 64,
    "lora_path": "/workspace/lora_llama_ia3",
    "method": "G = H @ H.T (16 prompts x 16 prompts), eigh -> 16 eigenvectors x 16 dims, descending |eigval|",
    "hidden_dim_truncated": 256,
    "training_witness": "state/r14_full_run/r14_full/witness.json (1200 docs \u00d7 3 epochs, train_loss 1.43\u21920.98)"
  },
  "eigenvalues_sorted_desc_abs": [
    4428.242863369225,
    1406.5374120710173,
    290.85257733198927,
    119.33046758893994,
    106.92565648940717,
    82.71159185516645,
    76.30641927249582,
    68.83726163209997,
    64.49003404913303,
    48.78761753697422,
    38.9968779609994,
    35.0914363755669,
    32.71699670635698,
    30.640620118859047,
    29.296873642487245,
    22.0148996646222
  ],
  "eigenvectors": [
    [
      -0.24742821649100125,
      -0.267327739600532,
      -0.26074052067707326,
      -0.254650050311815,
      -0.2529137112756185,
      -0.26759981169350405,
      -0.23634978378467533,
      -0.19055468793618682,
      -0.20405484037756852,
      -0.24821844954391445,
      -0.17594303614183282,
      -0.24010159250624916,
      -0.29106677628557265,
      -0.29327653003748,
      -0.26424516603081993,
      -0.2726235018357094
    ],
    [
      -0.2232251853125523,
      -0.20518898690915052,
      -0.2112864811116351,
      -0.19074729811375418,
      -0.13953989101421418,
      -0.1784443985055047,
      0.32309995880469433,
      0.3330769442308148,
      0.40374225413489273,
      0.2848530476011839,
      0.3328087407199207,
      0.3553370166465191,
      -0.08779375715702956,
      -0.07638251998457891,
      -0.10911004631007458,
      -0.2318872864000806
    ],
    [
      -0.22796348869865427,
      -0.10098956893477319,
      -0.17295211812289554,
      -0.24008508878538612,
      -0.31056192779742164,
      -0.10094863968724259,
      -0.021236473992592386,
      -0.12343304216460123,
      -0.10718309968045324,
      0.1059895302627317,
      -0.08771656218749542,
      -0.08149153997042816,
      0.39173503043616975,
      0.45020382654304847,
      0.5599380754268044,
      -0.14569452844959427
    ],
    [
      -0.09824613866250628,
      0.31683170132565747,
      0.28289857706698024,
      -0.28254066965888486,
      -0.4445623796208148,
      -0.03695109507284881,
      -0.15170915420298553,
      0.12350589202589618,
      0.19293415781817788,
      -0.20416086832387662,
      0.21007115768746298,
      -0.03821825698503808,
      -0.31931654512975777,
      -0.13106742885497108,
      0.2891932487699905,
      0.4068953561034958
    ],
    [
      -0.47300696540032205,
      0.10543526754137245,
      0.46454829428871447,
      0.11219242483687392,
      0.18710478023781596,
      0.28185080445225025,
      -0.12678079568808306,
      0.003629909754811864,
      0.024091861744070953,
      -0.028688536076028878,
      0.015685254631421452,
      0.049211497112796154,
      -0.10365768194854369,
      -0.13399809876588736,
      0.22021085364278165,
      -0.5700495257767142
    ],
    [
      0.6458768054971046,
      0.1907632002250777,
      0.125547315696225,
      0.06776637981708857,
      -0.15037536909647506,
      -0.37709355300181896,
      -0.04035488316768587,
      0.004947454760292041,
      0.07148208638567682,
      -0.11654729996148722,
      0.15499155691338543,
      -0.03848542279626176,
      -0.02244516528522893,
      -0.0002067128591463868,
      0.14241620970866176,
      -0.542816886574938
    ],
    [
      0.17492627979485748,
      0.1130765364845524,
      0.044287497976543515,
      -0.8130294656079224,
      0.4893626688384784,
      0.055264599372090106,
      0.11325721145386725,
      -0.06795929166727008,
      0.02361420505511086,
      0.002926929755176518,
      -0.12070038223470773,
      0.006851334677084341,
      0.03074163838575905,
      -0.10635649102490148,
      0.06634109200869953,
      -0.042672328083301674
    ],
    [
      -0.336073490209069,
      0.5398305506279256,
      -0.08115851952139796,
      0.11037998922945551,
      0.24391086264885856,
      -0.6092427189881029,
      -0.0220715660568203,
      0.22383888887235118,
      0.004201584349955802,
      -0.04166327708489123,
      -0.25374875584689316,
      0.028530593751173908,
      0.13328798008313317,
      0.03918700374378512,
      -0.08128998277461548,
      0.05236086971788545
    ],
    [
      -0.015825182769058626,
      -0.29934304715025095,
      0.6943494731008435,
      -0.14233449194367212,
      -0.17948765952431966,
      -0.26707664716704754,
      -0.019313091651824627,
      0.012822104832716345,
      0.011815137862741996,
      0.14062378791785127,
      -0.11354299862952368,
      -0.019692017163695015,
      0.37023043806429806,
      0.02476031118282374,
      -0.353675085284399,
      0.08783903765937032
    ],
    [
      0.0860587424507845,
      0.32687739968905677,
      -0.1155258958110505,
      -0.1061802475656804,
      -0.3880250271356959,
      0.38941162681962826,
      0.07988449020843447,
      0.44382028400841905,
      -0.24410222573347057,
      0.09335281233431034,
      -0.2319931482703784,
      -0.050988707848955414,
      0.3113420362295219,
      -0.2762436517039493,
      -0.17731175541236405,
      -0.1617299514504143
    ],
    [
      0.07880779220827705,
      0.0797769029660847,
      -0.14128718215744984,
      0.024395391575874486,
      -0.06259381207775674,
      0.10684320210982017,
      -0.5061404993169394,
      -0.21444130185715307,
      0.6479411716345503,
      0.30305016219106906,
      -0.32907386063371824,
      0.022571346817049386,
      0.11227515445015314,
      -0.12100067871402953,
      -0.03629392479887443,
      -0.018457650004743073
    ],
    [
      0.09392696364859003,
      -0.0862727044778122,
      0.11671569869982276,
      0.07603930631430958,
      -0.17071699151103115,
      -0.024733863019791153,
      0.3896819804922861,
      -0.07295146885472517,
      0.026950791652734226,
      -0.06314500239005467,
      -0.6871744892942113,
      0.3979897846456989,
      -0.3314597315575619,
      0.016267810310017828,
      0.17864904492409728,
      0.006019731701271472
    ],
    [
      -0.03491852622914631,
      0.3628689238424805,
      0.009072910407028517,
      -0.10571201139013188,
      -0.16910952548286987,
      0.020302362464023657,
      -0.11243852240642829,
      -0.4862992899107915,
      -0.3299296619689046,
      0.2842197602190633,
      0.19607472336486875,
      0.5030499263649187,
      -0.08500185054512631,
      0.13414963689111548,
      -0.26432534936056357,
      -0.03849085433820536
    ],
    [
      0.10712083931695768,
      -0.233489986908698,
      -0.0305797672587658,
      -0.08539714222798152,
      0.11095969504458159,
      0.019574443533200363,
      -0.5788071000182208,
      0.4617827806360872,
      -0.17414335227119915,
      -0.2126970159864296,
      -0.05289126288556064,
      0.4849655252955052,
      -0.0389992358906056,
      0.22173866244218418,
      0.02142966730269376,
      0.010971317907093176
    ],
    [
      0.01069439989321478,
      0.11717568816159778,
      0.06914673034312707,
      -0.10596444821410261,
      -0.0289592106817892,
      0.1235549479595129,
      -0.007320124498257009,
      0.20759141059042305,
      0.06793334608523849,
      0.22601684367979197,
      -0.11628581777421629,
      -0.36798848705426523,
      -0.4407846469212461,
      0.6428489528068281,
      -0.28900191760503996,
      -0.12324387882244804
    ],
    [
      0.08599461000570165,
      -0.1181423663792055,
      0.04962130575106393,
      0.05755027831191218,
      0.09110067277837496,
      -0.19509454519370228,
      -0.15087697463202862,
      0.16194722160247077,
      -0.3410316526490552,
      0.6976813064193885,
      -0.035446976567107116,
      -0.13289926578998587,
      -0.25036073722562324,
      -0.2919609630379649,
      0.3125927443429499,
      0.09952185018999053
    ]
  ],
  "ts": "2026-04-26T06:35:49Z"
}