{
  "schema": "anima/alm_r14_lora_eigen/1",
  "schema_version": 1,
  "dest": "alm",
  "round": "r14",
  "source": "real_gram_h_last_r14",
  "source_provenance": {
    "h_last_file": "state/h_last_raw_p1_TRAINED_r14.json",
    "schema_of_h_last": "anima/h_last_raw/2",
    "reduction": "byte_weighted_mean",
    "base_model": "mistralai/Mistral-7B-v0.3",
    "lora_rank": 64,
    "lora_path": "/workspace/lora_mistral_ia3",
    "method": "G = H @ H.T (16 prompts x 16 prompts), eigh -> 16 eigenvectors x 16 dims, descending |eigval|",
    "hidden_dim_truncated": 256,
    "training_witness": "state/r14_full_run/r14_full/witness.json (1200 docs \u00d7 3 epochs, train_loss 1.43\u21920.98)"
  },
  "eigenvalues_sorted_desc_abs": [
    152376.3146403164,
    3631.9638091266875,
    1704.9546903904395,
    1361.9112587179627,
    1028.2180004028392,
    955.3395069429152,
    869.3568032788257,
    775.1044640947523,
    626.4477204914209,
    608.3183688312711,
    497.552172295698,
    485.4968148191946,
    446.23967707467085,
    368.56515326958424,
    343.7316247000331,
    327.79963884310104
  ],
  "eigenvectors": [
    [
      0.29672945719654564,
      0.26682325002241436,
      0.3850070516367253,
      0.3388583687276913,
      0.3497599946091203,
      0.31591566090489165,
      0.08255996820546524,
      0.0389851748490973,
      0.09554373595994564,
      0.06214749620037159,
      0.06117053160511957,
      0.03189739246988009,
      0.3294224261948686,
      0.21490999125977522,
      0.20300797267121354,
      0.36546263452043865
    ],
    [
      -0.08339971893553808,
      -0.13383382593861626,
      -0.10967711505492132,
      -0.10849461910540734,
      -0.09964690148176772,
      0.04485166256354903,
      0.4003876171153081,
      0.3432758635492729,
      0.4154758382108147,
      0.40492709636389035,
      0.37166103338746287,
      0.3712848741879832,
      -0.05614282885982913,
      0.05158672573667815,
      0.20037893135676754,
      -0.05203529809381916
    ],
    [
      0.18417755579430342,
      0.26805714311173623,
      0.10849995669500509,
      0.008738152740077245,
      0.31641390116196455,
      -0.20229451399327847,
      0.09326008908716318,
      0.09300458810041477,
      0.20487632134498984,
      0.04491809542772064,
      0.028351843774720487,
      0.1811927563276438,
      0.11489704294168179,
      -0.42958044771130577,
      -0.6376089929839679,
      -0.20512135770156903
    ],
    [
      -0.16351055030232955,
      -0.46073102606198973,
      0.22005589619920135,
      0.1588678715212434,
      0.19727654233225886,
      0.637082343344403,
      0.06394891182854458,
      -0.01946828907763595,
      -0.13075215578364266,
      0.10576265061951332,
      0.033003566032626504,
      -0.09242633223571234,
      -0.2758514901526711,
      -0.26875535011353974,
      -0.18379794213771034,
      -0.13434398539878212
    ],
    [
      -0.3172030604015869,
      -0.42382156803444193,
      -0.3302614154045984,
      -0.0005808562332347694,
      0.3271813123185601,
      -0.13911707271014853,
      0.07461061381301869,
      -0.11861824338064714,
      -0.0950428750245661,
      0.0760447942708945,
      0.03569269878981382,
      -0.010807003601137632,
      0.6159394952244317,
      0.000425287973909452,
      -0.11748198397239572,
      0.23506589826648172
    ],
    [
      0.40372703631993356,
      0.11504510632610854,
      -0.689895646307433,
      0.013453460793002027,
      0.27498420766400944,
      0.29386950488040625,
      -0.16238919949672742,
      -0.07997831664661886,
      0.11074167546718439,
      0.20194526587740233,
      -0.10188349165897137,
      -0.13118805663225336,
      -0.04989207469236844,
      0.005401697837942876,
      0.125666618534119,
      -0.23225646170089673
    ],
    [
      0.03799080954126351,
      0.032534815577930684,
      0.20818937640403076,
      -0.7232396527839875,
      -0.003701920758640019,
      0.15934879043337613,
      -0.18420391357947355,
      -0.09047101757268544,
      0.2540728770571864,
      0.14559503279439934,
      0.02239988058204093,
      -0.3058943288500001,
      0.15123367427774836,
      -0.30977745319588357,
      0.1288605209690478,
      0.21976164410311122
    ],
    [
      0.21109696350589247,
      -0.113451637971844,
      -0.1681073107296728,
      0.4346211111413968,
      -0.5453428653255389,
      0.012411735612067,
      -0.038144669849476044,
      -0.07862620589299607,
      0.20900076594176928,
      0.04390809396855569,
      0.07156573178370926,
      -0.13720204876118214,
      0.08658380928083355,
      -0.4442453268876813,
      -0.07225902825010494,
      0.3749585323087793
    ],
    [
      -0.3609270036676364,
      0.3006189340643355,
      0.03752308555639401,
      0.10145032492826654,
      -0.32890412940324065,
      0.34371662381057616,
      -0.2515418937908579,
      -0.07223674774825706,
      0.0504895794931086,
      0.05091665796966147,
      0.037003597415388015,
      0.13135970792857599,
      0.4891334877123634,
      -0.014539872998262508,
      0.014245070650896332,
      -0.4576210732878827
    ],
    [
      0.4994986537901629,
      -0.5214550774775761,
      0.24664334348117556,
      -0.05235982865271143,
      -0.13607009454304522,
      -0.08774255185396483,
      0.006371545443075827,
      -0.2233730358596683,
      0.23464300919942158,
      -0.13633298725224363,
      -0.06688792979718886,
      0.0625268044490508,
      0.24428545005709615,
      0.2178819232121827,
      -0.0027531879555266646,
      -0.38688261203711377
    ],
    [
      -0.14046900750796623,
      0.04883329817064217,
      -0.20257615715973934,
      -0.14491272194817248,
      -0.06439368470721236,
      0.34992945890193333,
      0.17962814946122016,
      -0.04627477536488788,
      0.43783045753626,
      -0.5461161377774276,
      -0.17492568644290535,
      0.10988525783128895,
      -0.06532185347228767,
      0.2587220090243018,
      -0.31402906778136064,
      0.22893619564453038
    ],
    [
      -0.006004366420464463,
      0.017017542885804766,
      0.0637692790175155,
      -0.03482132820726982,
      -0.18387098658663575,
      0.01739768668091358,
      -0.14739523747538844,
      -0.1759541423575817,
      0.0037363584631501592,
      0.626721635409818,
      -0.18310068296489415,
      -0.014951069941908637,
      -0.09954770217150183,
      0.45615711668976594,
      -0.47926849642305425,
      0.18266952258703503
    ],
    [
      -0.3035854471253376,
      -0.11575049875060554,
      0.0975685987375716,
      0.2808756276613612,
      0.277585595357664,
      -0.23638184972995419,
      -0.5240928253233678,
      -0.023416407644065017,
      0.5753424137223377,
      0.0035064869342985973,
      0.017384819722462197,
      -0.08138662788706279,
      -0.20557875979007087,
      0.04106626673765245,
      0.12347326027817596,
      -0.026893771515392143
    ],
    [
      -0.18955178192463723,
      0.19453345789208826,
      0.04720734556127755,
      0.12336764349286951,
      0.04152247473624516,
      -0.11936788455328955,
      0.57188738122179,
      -0.5407773226217207,
      0.18933680906809036,
      0.10610123058611137,
      -0.011243735522396488,
      -0.4198636424680004,
      -0.05970022505591952,
      -0.005107636110764931,
      0.1020405057169718,
      -0.18918346037622252
    ],
    [
      -0.07960192846222401,
      -0.039759870077679706,
      0.058033443723667755,
      0.02709154171491246,
      0.010081985803790015,
      -0.024549693124669328,
      0.12928905174432107,
      0.021128647743434405,
      0.07395053977385453,
      0.15987782918207383,
      -0.8402446893346852,
      0.32959557201616274,
      0.02043184861713415,
      -0.2430728692928353,
      0.25207638098650975,
      0.037364117102704826
    ],
    [
      0.02748167838571309,
      0.04682459758000792,
      -0.021250556389491974,
      -0.07645614279079672,
      0.07140428010368569,
      0.02843888499794988,
      -0.1304374656981966,
      -0.6746327366815491,
      -0.08942909671930777,
      -0.01565585503802156,
      0.25009527768127454,
      0.6041755005785214,
      -0.16567005880768437,
      -0.13244276691512574,
      0.0957348265430879,
      0.1507757234388623
    ]
  ],
  "ts": "2026-04-26T06:04:31Z"
}