{
  "schema": "anima/alm_BASE_eigen/1",
  "dest": "alm",
  "round": "BASE",
  "source": "real_gram_h_last_BASE",
  "source_provenance": {
    "base_model": "Qwen/Qwen3-8B",
    "method": "G=H@H.T eigh",
    "hidden_dim_truncated": 256
  },
  "eigenvectors": [
    [
      0.3357015487664003,
      0.239606617961044,
      0.28525749391676325,
      0.29504988361123796,
      0.24827492980150637,
      0.3163227403800174,
      0.07268468819601002,
      0.05864733631711547,
      0.07152856349583193,
      0.14008002688690482,
      0.12116465336782867,
      0.06770288466319004,
      0.31439653557493,
      0.30626649413918006,
      0.39992867646564284,
      0.30733236065611746
    ],
    [
      -0.1312766272865633,
      -0.03214298818748288,
      -0.12647733755027415,
      0.006337369643596569,
      -0.023111615433851634,
      -0.13368093306851514,
      0.364236848953023,
      0.43306892411542997,
      0.43471523247825367,
      0.3249783712419647,
      0.2758944228444963,
      0.48084598956348834,
      -0.007854022040375566,
      0.047309501563845606,
      -0.08537479985770997,
      -0.12476809710908052
    ],
    [
      -0.019277556096098356,
      0.2816013184573204,
      0.35843423051205303,
      0.31386097770764826,
      0.4283724503905855,
      0.033482603909815854,
      0.17674655829847016,
      0.11118849216646116,
      0.02295936405282914,
      -0.1987072448542887,
      -0.2974693408190587,
      0.14765819849001469,
      -0.31060164582571703,
      -0.40373714963934665,
      -0.18342246959578987,
      -0.14729382220504317
    ],
    [
      -0.5985035048954517,
      0.08525276175935842,
      0.00969839257955084,
      0.05113288108717516,
      0.27876525895200943,
      -0.2785895964638214,
      -0.2801505745308789,
      0.17394982364515643,
      -0.09559999812723531,
      -0.15709958305787752,
      -0.25140512136494914,
      0.14785594969379828,
      0.29897492295954253,
      0.382137100038456,
      0.10781133103070906,
      -0.04275705848625445
    ],
    [
      -0.23862446693705897,
      -0.1177204667823915,
      0.17093146810216445,
      0.2114366859019641,
      0.15331846053803502,
      -0.10899505795585093,
      0.06261436603383427,
      -0.7041031489069756,
      -0.07050139420397299,
      0.25827613343413475,
      0.339747655524329,
      0.17836388138618803,
      0.10802456465171954,
      -0.09578427251583646,
      0.06536653818798434,
      -0.2759946944482904
    ],
    [
      -0.25732811400953937,
      0.20029565402683117,
      0.5170792173330135,
      -0.039889546868338385,
      -0.2790522992179432,
      0.070742664298135,
      -0.3586222526522456,
      0.28208340633884044,
      -0.01986002844958419,
      0.29908979779190004,
      0.280290536920468,
      -0.26406028437819035,
      -0.2443034923429154,
      -0.04147625939411202,
      0.09959858508376385,
      -0.15550569098919442
    ],
    [
      0.0622308131871856,
      0.4221362824145716,
      0.026575264635623968,
      -0.006850138895829222,
      -0.42818313053690593,
      -0.33320906971734754,
      0.18922861876621772,
      -0.16694534090678553,
      -0.10669579620013625,
      -0.3247667554627698,
      0.028388244553096898,
      0.2953620180764379,
      -0.29383132118915845,
      0.15598154481174964,
      0.3787686095677534,
      0.00964477464113194
    ],
    [
      0.10322905250962007,
      -0.14697432325224777,
      0.18769818199346625,
      -0.12842449250998997,
      -0.13104505177453918,
      0.24056177486413088,
      -0.5290156839440838,
      -0.0729962574752499,
      0.09031797955765632,
      -0.21713671280400748,
      0.06054262989254337,
      0.6505141774369757,
      0.03327403566223956,
      -0.11232010915951712,
      -0.17780832054040369,
      0.16826012853329822
    ],
    [
      -0.1933283846095116,
      0.031475893181105594,
      0.18538426972709132,
      -0.15791768500168857,
      -0.20738209456824994,
      0.14729585872609818,
      0.10725959769349079,
      -0.33014884656742083,
      0.49830350914349353,
      0.2766779623191445,
      -0.5853025328179665,
      -0.02822023184383931,
      -0.07676695095459211,
      0.1358047594257668,
      0.0008649999065694815,
      0.1566921557992415
    ],
    [
      0.07787272203930724,
      -0.24556364880638723,
      -0.2568188105065328,
      0.0935444283966076,
      0.3648303031448964,
      -0.04668814730154268,
      -0.31374749248736084,
      -0.04220754869111018,
      0.1922418672866854,
      0.09370568489407835,
      0.028357319114575594,
      0.003745505570800695,
      -0.655089982721813,
      0.18667567875129965,
      0.3334283225177066,
      0.04131554910435892
    ],
    [
      -0.27847569080879375,
      -0.052256974672804615,
      0.11956265540834188,
      -0.1616636636773684,
      0.12170454490140226,
      0.20819084193672688,
      0.18670642176237803,
      -0.08778271814541125,
      0.42393798002441585,
      -0.5974793517052579,
      0.40328023205070784,
      -0.2477739364944563,
      -0.03571441629544232,
      0.09783888799865793,
      -0.018516679781604622,
      0.08152865937826562
    ],
    [
      0.13795561435822903,
      -0.01856985300250833,
      0.0034550009818193864,
      -0.16663969186558,
      0.05563214400343931,
      -0.3129296559473412,
      -0.18522626856335883,
      0.05066357905829403,
      0.3732354776536458,
      -0.06561827843612118,
      -0.06997043774684221,
      -0.0877417924460804,
      0.3254118959402807,
      -0.539291175838625,
      0.49738640540913204,
      -0.12091788980937378
    ],
    [
      -0.2607753945446467,
      -0.24293416681035512,
      -0.010364934613739892,
      -0.30998014266887414,
      0.026660342814350466,
      0.49029756767906835,
      0.27662963360727505,
      0.11947958634056337,
      -0.3543114726690298,
      0.002393849110945658,
      -0.122313797763057,
      0.1886747554797599,
      -0.06374697241597624,
      -0.16438004366087458,
      0.4704251527188001,
      -0.12804991515495173
    ],
    [
      0.3991286710487567,
      -0.27687017334275454,
      0.376446327362875,
      -0.24033654181255604,
      0.06892041563775955,
      -0.11034177412375647,
      0.06270120249908394,
      0.04072056998782366,
      0.02748041785803585,
      -0.11571174667473641,
      -0.12581888771811606,
      0.007746421950110259,
      0.02731071768721293,
      0.40322468831118774,
      -0.03824472487412562,
      -0.5892514905644283
    ],
    [
      0.010162079177463323,
      -0.23605966036909953,
      0.3866668623109542,
      -0.36776169896027866,
      0.2158286955250525,
      -0.43607247663169385,
      0.18933249665059948,
      0.022812358482304233,
      -0.20070308198169448,
      0.11484009121408621,
      0.07421378180250919,
      0.020754192911106795,
      -0.09612823179762452,
      -0.05087308888059314,
      -0.04421609984403034,
      0.5595641548387523
    ],
    [
      0.07983285367600505,
      0.5877457589757593,
      -0.18861661293078277,
      -0.6101272035540137,
      0.35869738412934504,
      0.09840182393141583,
      -0.09336413996245932,
      -0.14266253925816424,
      -0.021648693874320977,
      0.1691648917948678,
      0.10878212273175099,
      0.0509935346236657,
      -0.013474998863504601,
      0.03452620677921911,
      -0.12082278738475818,
      -0.11594358177502131
    ]
  ],
  "eigenvalues_sorted_desc_abs": [
    5380.912212436819,
    348.25868421273066,
    137.25742143776523,
    88.23539502927132,
    54.51760251822919,
    44.44593111320705,
    42.45654238586297,
    39.5505401492185,
    35.572952193821074,
    30.327414854323635,
    28.913467012951006,
    25.566692330079388,
    24.24889313118278,
    19.72753897396455,
    17.06192278036404,
    15.625196927131714
  ],
  "ts": "2026-04-26T05:00:17Z"
}