{
  "schema": "anima/alm_mistral_BASE_eigen/1",
  "dest": "alm",
  "round": "BASE",
  "source": "real_gram_h_last_BASE",
  "source_provenance": {
    "base_model": "mistralai/Mistral-7B-v0.3",
    "method": "G=H@H.T eigh",
    "hidden_dim_truncated": 256
  },
  "eigenvectors": [
    [
      0.29885235596292864,
      0.2746604894300194,
      0.3775327756497139,
      0.3516240506844777,
      0.3530038629976872,
      0.31419027215595097,
      0.07749194063988186,
      0.03826728471497516,
      0.08927841225379442,
      0.05584569501440356,
      0.0652620326087792,
      0.03315956701640952,
      0.32647985309269584,
      0.2071150411418747,
      0.19124385462601912,
      0.3684749134115217
    ],
    [
      -0.06794888639407468,
      -0.12097624306138458,
      -0.13346261555936456,
      -0.11050294386788138,
      -0.08722101359737564,
      0.08082855983798902,
      0.38018437756400425,
      0.33886746268872503,
      0.42073681160738163,
      0.4234957287710723,
      0.38771646006739313,
      0.378294970538128,
      -0.023452359937462284,
      0.03784315021865595,
      0.14807107648876688,
      -0.05921192124658226
    ],
    [
      0.18079995464929075,
      0.1894886171822242,
      0.13370545276287982,
      0.028232398309867845,
      0.34468278008425424,
      -0.09259901248866587,
      0.013386899397715833,
      0.040761741136813204,
      0.21316619841859852,
      0.08035162425400848,
      0.05688656754732194,
      0.08320857133139603,
      0.05217580401162112,
      -0.511432301502512,
      -0.640001361219044,
      -0.21809787674891287
    ],
    [
      -0.09067734660843894,
      -0.44965864339382045,
      -0.08315551941602858,
      0.20587496515204765,
      0.1617537475677851,
      0.7264727091962968,
      0.03480859417646695,
      -0.0720067884152988,
      -0.15963525150765848,
      0.12826470828390382,
      0.005310266313355129,
      -0.17227437762429132,
      -0.22066015992980506,
      -0.21708541380893404,
      -0.06031284185228918,
      -0.0941560549914314
    ],
    [
      -0.30203830863679876,
      -0.20643092538104899,
      0.8340487332559671,
      -0.12322045690029465,
      -0.20567749007375594,
      -0.05715997721061723,
      0.2107369998358759,
      0.09724141802350855,
      -0.17660263174051463,
      -0.039956452807759724,
      0.020153714581599595,
      0.05960928937914502,
      -0.06161973818960476,
      -0.10279967095924854,
      -0.05903178436125813,
      0.036168080148099434
    ],
    [
      0.3162362887079652,
      0.4449541200855496,
      0.1984950978600756,
      -0.13214175267810974,
      -0.2581555664746589,
      0.26529638153404583,
      -0.15767981967765726,
      0.12305348575877478,
      0.17388594220914755,
      -0.04887747900257912,
      -0.030889076111990054,
      -0.09687177640504287,
      -0.5499066032698602,
      -0.12194844745261116,
      0.2467672807925726,
      -0.21677349846261276
    ],
    [
      0.03725482562446654,
      0.12974335203163131,
      -0.06482300349928834,
      0.5750529921882875,
      -0.003057670989067703,
      -0.12307232166003607,
      0.2855136745256873,
      0.1495298424258094,
      -0.3766379999022059,
      -0.12774495706326702,
      -0.06563880394089354,
      0.37150671284017345,
      -0.26611476484252705,
      0.20807200070413406,
      -0.08347357264922538,
      -0.3260028941092804
    ],
    [
      -0.10900983558208059,
      0.08402423995261593,
      0.07979919313598345,
      -0.5141235995400439,
      0.5729409922528974,
      0.10201605693900107,
      0.04215193653749931,
      0.027034735205516292,
      -0.13212408442961246,
      0.04690427543200499,
      -0.10512292718666105,
      0.028065911070397572,
      -0.07656042895833477,
      0.45329857065838924,
      -0.006695073508744822,
      -0.355398719049183
    ],
    [
      0.10136150716103107,
      0.0004875669375404637,
      -0.11401495878948671,
      -0.11674068890827723,
      0.2444812066581002,
      -0.2189911622593348,
      0.16260914455243372,
      0.23198158699318838,
      -0.2320144856105543,
      0.17289304150339824,
      -0.017284703161907482,
      -0.12924301835002458,
      -0.516519476985704,
      -0.05512191400237641,
      -0.10443939169327955,
      0.627414377889248
    ],
    [
      0.5713966514239777,
      -0.5753025531672779,
      0.16298267221133983,
      0.04503278955975294,
      0.016671814630115175,
      -0.1988314868896532,
      -0.012230358604556542,
      -0.1461403881059895,
      0.30465019110077113,
      -0.12073416905903593,
      -0.014545488195565722,
      -0.026762334483936293,
      -0.1894253481609304,
      0.30523461450503797,
      -0.096048383129619,
      -0.07766166741119226
    ],
    [
      -0.3660377826132588,
      -0.016167097229029884,
      -0.06373258289395818,
      0.05460078114208209,
      0.17992775546908096,
      0.12520133235995418,
      -0.026840635268981457,
      0.1599349683169376,
      0.42790705423903447,
      -0.705770389450413,
      0.03851012346543624,
      0.13918045101655926,
      -0.18969738144954573,
      0.0449381593128428,
      -0.07379016110087948,
      0.19708590721945718
    ],
    [
      -0.0071667548334308695,
      0.20566108853466666,
      -0.05830301998302769,
      -0.12200231697428225,
      -0.40074678594132856,
      0.3154171843078314,
      0.23849867239717448,
      -0.2293910068736977,
      0.0908703989145595,
      0.08198604431853604,
      -0.1916229971159972,
      0.036366880788200336,
      -0.005599483481142661,
      0.3803008569913529,
      -0.5751455227756512,
      0.20324117967716804
    ],
    [
      0.40581258724906477,
      -0.04667187699161049,
      -0.14271533996958238,
      -0.3713122841747249,
      -0.060763894980324806,
      0.1633885586698819,
      0.45320769478773415,
      0.029707495629384986,
      -0.27880317427491147,
      -0.4419120705937526,
      0.019112251991695167,
      0.1578218173631777,
      0.23499401366246656,
      -0.26890534585666725,
      0.10696574398619053,
      0.03106675280083174
    ],
    [
      0.03425559022588717,
      0.0879943153659409,
      0.005464076234553917,
      -0.023942047514042806,
      -0.05284315030342621,
      0.019058280666538856,
      -0.13856404207137032,
      -0.10572917819813783,
      -0.24150695184725574,
      -0.14644572173635503,
      0.881720349345416,
      -0.1754052880359108,
      -0.04752826007782077,
      0.17743152972234416,
      -0.18639667018973488,
      -0.022177897332086
    ],
    [
      0.11368713738109182,
      -0.11823360273354123,
      0.02434959908360305,
      -0.14554894865242546,
      -0.049935299042447874,
      0.15195409187307976,
      -0.5981447680996617,
      0.07592774306137035,
      -0.2088161360884909,
      0.055361556501283056,
      -0.012717284718816453,
      0.6869908235462739,
      -0.0056676223499670005,
      -0.008352280353623922,
      -0.09250106511033589,
      0.1864064201609661
    ],
    [
      -0.10521521379057867,
      0.09952212861084708,
      0.03525542262624653,
      -0.012713451735856415,
      0.15359961059938332,
      -0.08004366860196804,
      0.17008355059849153,
      -0.8111545732243627,
      0.07538937786503286,
      0.05495697416921222,
      0.09360783503250741,
      0.3189106901815287,
      -0.24974149144211832,
      -0.16140899398442587,
      0.2139106929815077,
      0.08584171516675945
    ]
  ],
  "eigenvalues_sorted_desc_abs": [
    147804.51150268066,
    3463.939286486454,
    1721.2085931125032,
    1436.9541285109012,
    1215.611643085673,
    1050.7768869882887,
    942.8222775637917,
    819.1988386937114,
    676.1821530145361,
    637.2200450846434,
    548.1500035342107,
    518.1651069807481,
    490.98932184315566,
    395.10780318472644,
    378.8446927057626,
    329.05960692008483
  ],
  "ts": "2026-04-26T04:55:51Z"
}