{
  "schema": "anima/alm_r14_lora_eigen/1",
  "schema_version": 1,
  "dest": "alm",
  "round": "r14",
  "source": "real_gram_h_last_r14",
  "source_provenance": {
    "h_last_file": "state/h_last_raw_p1_TRAINED_r14.json",
    "schema_of_h_last": "anima/h_last_raw/2",
    "reduction": "byte_weighted_mean",
    "base_model": "mistralai/Mistral-7B-v0.3",
    "lora_rank": 64,
    "lora_path": "/workspace/lora_mistral_c2",
    "method": "G = H @ H.T (16 prompts x 16 prompts), eigh -> 16 eigenvectors x 16 dims, descending |eigval|",
    "hidden_dim_truncated": 256,
    "training_witness": "state/r14_full_run/r14_full/witness.json (1200 docs \u00d7 3 epochs, train_loss 1.43\u21920.98)"
  },
  "eigenvalues_sorted_desc_abs": [
    148846.71311539374,
    3670.050360383707,
    1727.8364623213872,
    1457.2124449511632,
    1131.4572787368172,
    990.9533399997025,
    882.1108913798132,
    784.7102804219717,
    684.7486181183134,
    603.1567900879312,
    552.4434075056652,
    482.2548686917959,
    476.66710364656996,
    360.50779846238936,
    336.507608504917,
    327.91762760841715
  ],
  "eigenvectors": [
    [
      0.29235063797328004,
      0.2595734256185285,
      0.3920815668358633,
      0.3319014579355793,
      0.3280369647147189,
      0.31050897861929383,
      0.09285864211207209,
      0.045318080962366364,
      0.10743834753203063,
      0.06725656298769865,
      0.0746484192592388,
      0.041455650549931194,
      0.33389755243650865,
      0.20566009799820495,
      0.21671598324283325,
      0.38007736894902633
    ],
    [
      -0.10529674404776354,
      -0.10845119053625774,
      -0.129519848023804,
      -0.13939900699473615,
      -0.09742343602206442,
      0.0581608850971419,
      0.369376002914514,
      0.33871409712735584,
      0.426102825448157,
      0.4077294762137563,
      0.36296206422118177,
      0.3498238687841624,
      -0.04817424388666981,
      0.08041168432499547,
      0.22891962330364968,
      -0.1174199372792477
    ],
    [
      0.32808500693912257,
      0.29667666247626256,
      0.0829397802000658,
      -0.053658615606833666,
      0.267395282696002,
      -0.2700294475669931,
      0.08038782252829424,
      0.10084695124078728,
      0.28434980856342035,
      0.018120431481723088,
      0.02688477517303831,
      0.15380591505914815,
      0.1054952314881227,
      -0.3816828971205689,
      -0.5758202674109013,
      -0.19898293935848613
    ],
    [
      -0.16377384830288144,
      -0.29353560478857305,
      0.30855592593577574,
      0.11681191744674584,
      0.1849052457369188,
      0.6187484164062977,
      0.07589588928713684,
      0.01830657394557026,
      -0.10321622492489849,
      0.11630259780253747,
      0.0716014337993791,
      -0.07746753067421508,
      -0.32928202262591516,
      -0.3651948467538885,
      -0.22946906499636674,
      -0.15896690597225074
    ],
    [
      -0.6114992403406851,
      -0.18262839602442235,
      0.1462135506958507,
      0.12046511655878851,
      0.02191653767244799,
      -0.2272428101027918,
      0.20708890724739226,
      0.04144559225386017,
      -0.19462187586358878,
      -0.027849498714064405,
      0.10275202144709242,
      0.18499007709039203,
      0.43276496827878114,
      -0.03352095458445213,
      -0.32165834618534844,
      0.29119800791146616
    ],
    [
      -0.10256548992946737,
      0.2852312411841593,
      0.6524152931806009,
      -0.04772838921549274,
      -0.5383263432450568,
      -0.11629078926700641,
      -0.03556383160893543,
      0.08544872700422014,
      0.12228564117458193,
      -0.22057954522423795,
      0.08388002222399582,
      0.09065876516402363,
      -0.2960284967727901,
      0.022892652917572965,
      0.0012354925296786195,
      0.03594746598329487
    ],
    [
      -0.14200330426443614,
      -0.04588283195912877,
      0.29720240820034316,
      -0.7698785401348702,
      0.2334722282033607,
      0.03697500987368349,
      -0.17236931933953187,
      -0.10139057853352829,
      0.14344939054654868,
      0.059739389068692,
      0.04482272457951341,
      -0.2590040725551622,
      0.27972886986699724,
      -0.06226615119163219,
      0.15944076249517178,
      -0.0058775409037633295
    ],
    [
      -0.176252585818908,
      0.08772325477420645,
      0.1611596544795427,
      -0.02470728680494323,
      0.4476373644710051,
      -0.06208617521866176,
      0.05300022693967565,
      0.0764435993697287,
      -0.17238425654454118,
      -0.22720850094957898,
      -0.06475632685793874,
      0.25164439477898704,
      -0.1349506216068702,
      0.5297942887448371,
      0.004963452698527531,
      -0.5234439879540606
    ],
    [
      0.14346581769836592,
      -0.31223960444707477,
      0.09762060713460421,
      0.16500818794525612,
      -0.3601663726930942,
      0.20654999207638733,
      -0.11114407783471546,
      -0.2525917654555482,
      0.2404285772329014,
      -0.13244419997176568,
      -0.0015067304201375382,
      0.08147022524875806,
      0.5256950932329864,
      0.10687483996323115,
      -0.08035921714042608,
      -0.46947415407066106
    ],
    [
      -0.4117612528137872,
      0.6291643862539379,
      -0.2695431199967695,
      0.03194807531063927,
      -0.11112299898634843,
      0.3873925038793302,
      -0.33595767121431247,
      0.10224630955374456,
      0.0456194377762252,
      0.13576446335451867,
      -0.044842722799165506,
      0.025930873422267457,
      0.16525253423853464,
      -0.02292276753321122,
      -0.09486616971545504,
      -0.12311656659033672
    ],
    [
      0.05783640148760638,
      -0.09958838690497329,
      -0.0592967449159787,
      -0.2298010598977474,
      -0.10089400899387518,
      0.22310943575647582,
      0.08765320281847108,
      -0.07121059151340872,
      0.2423379505032105,
      0.1240156485832543,
      -0.3203100748765694,
      -0.011684502010251827,
      -0.15568590426692241,
      0.5247561342652353,
      -0.5347392261559081,
      0.3087154723332005
    ],
    [
      -0.26107417287562257,
      -0.14041131080904132,
      -0.1429460361888815,
      0.14422660832036344,
      0.23568997893082158,
      0.02580968485215016,
      -0.13337634617387037,
      0.02187033877244854,
      0.6304298139083634,
      -0.5549201825796304,
      -0.10341869113591434,
      0.03604286943405547,
      -0.1321485432388455,
      -0.12616806581352127,
      0.1258296751576458,
      0.17268233822135218
    ],
    [
      0.15461762523474715,
      0.10632260636064975,
      -0.1588893584779553,
      -0.32331170894334554,
      -0.14629333112350842,
      0.33298390775906767,
      0.47145095182739755,
      0.23609713842389846,
      -0.24101956953021764,
      -0.5051324429193564,
      -0.16435632576263595,
      0.16053097070571248,
      0.17018292262688225,
      -0.15789076988876707,
      0.05457365244570289,
      0.042688471349287514
    ],
    [
      -0.0670350344610387,
      -0.011696483680833803,
      0.1421336586479969,
      -0.01586235238134935,
      0.012613219237355417,
      -0.05107287710437867,
      0.009344466703409502,
      -0.21108933178379155,
      0.022274443090617286,
      0.2864409320707749,
      -0.6993244994751141,
      0.4879600234723126,
      -0.00719693516845633,
      -0.2394215642648568,
      0.24578888929187384,
      0.0033749504373016726
    ],
    [
      -0.18222531987397364,
      0.2944944370934032,
      -0.04593671496720411,
      0.06839604010464165,
      0.009495277659063026,
      -0.024760464376448504,
      0.5886453087018347,
      -0.6312988738728235,
      0.14886016157324602,
      0.015409594099254948,
      0.04039249879825046,
      -0.28417655369641176,
      -0.06677858687576084,
      -0.01255040747970022,
      0.06022782724240248,
      -0.1204366897541467
    ],
    [
      0.10030067588922842,
      0.03203639509710319,
      -0.11132891742846324,
      -0.1801485248591139,
      0.05096726838784034,
      0.129505520036546,
      -0.2156291493363194,
      -0.5185806567777338,
      -0.12432646928600734,
      -0.11840930292604213,
      0.4472514743651021,
      0.5657048224535673,
      -0.12813664872956712,
      -0.018363708586312776,
      -0.05691354769281182,
      0.19936302375577813
    ]
  ],
  "ts": "2026-04-26T04:47:06Z"
}