{
  "schema": "anima/alm_r14_lora_eigen/1",
  "schema_version": 1,
  "dest": "alm",
  "round": "r14",
  "source": "real_gram_h_last_r14",
  "source_provenance": {
    "h_last_file": "state/h_last_raw_p1_TRAINED_r14.json",
    "schema_of_h_last": "anima/h_last_raw/2",
    "reduction": "byte_weighted_mean",
    "base_model": "meta-llama/Llama-3.1-8B",
    "lora_rank": 64,
    "lora_path": "/workspace/lora_llama31_r14",
    "method": "G = H @ H.T (16 prompts x 16 prompts), eigh -> 16 eigenvectors x 16 dims, descending |eigval|",
    "hidden_dim_truncated": 256,
    "training_witness": "state/r14_full_run/r14_full/witness.json (1200 docs \u00d7 3 epochs, train_loss 1.43\u21920.98)"
  },
  "eigenvalues_sorted_desc_abs": [
    4955.549950739447,
    841.4047125544998,
    171.79724433450406,
    122.77226807811473,
    118.40091698681088,
    109.1939033344712,
    92.2853067191056,
    90.19413973191106,
    68.79290274407296,
    60.47468113900107,
    53.54384248535076,
    45.71454926604523,
    36.57422651627595,
    35.45724313024265,
    30.88741157214625,
    28.255044868382026
  ],
  "eigenvectors": [
    [
      0.21556674380645996,
      0.21473199159994505,
      0.22534386592681652,
      0.23205704552069584,
      0.21913997017368364,
      0.22107459164422052,
      0.28383776590223514,
      0.23390944606171163,
      0.25842550548686644,
      0.2883407968178439,
      0.22573959220187007,
      0.29543838427419356,
      0.28820838841073615,
      0.2806357588928546,
      0.27466098442909886,
      0.21258290731139662
    ],
    [
      0.31536532135130535,
      0.22215391890906006,
      0.24508769609810327,
      0.22567988005915016,
      0.1753210251159639,
      0.20780494631626095,
      -0.3030988966584348,
      -0.30616659883250663,
      -0.3363651366179783,
      -0.24230901776515143,
      -0.29667292075034063,
      -0.30827603770043377,
      0.09439170205385573,
      0.10635136269036256,
      0.1866420057459563,
      0.2659058701532334
    ],
    [
      -0.35426084785557943,
      -0.15418679082922582,
      -0.39674414144243797,
      -0.08523038690629953,
      -0.19751349010266867,
      -0.0020333652092310735,
      -0.019106631363197856,
      -0.11455918203140773,
      -0.25343300796356355,
      0.24608001523825337,
      -0.1592874730413337,
      -0.06448957437357868,
      0.36095082928614103,
      0.49379061155842136,
      0.3169739886644013,
      0.06818154648920585
    ],
    [
      -0.2758833620820245,
      0.030689974722864263,
      0.34265023208352585,
      -0.2020934982168997,
      0.42467940159738155,
      -0.14788035327989907,
      0.04365953250034247,
      0.03894970656029821,
      -0.014649334251998677,
      0.17417169426221704,
      -0.3100637818690329,
      -0.08432290827433227,
      0.4149209683084621,
      0.048613902841995446,
      -0.49969936836770557,
      -0.0320724330414179
    ],
    [
      -0.016589557352690805,
      0.4715572742094444,
      -0.01980797942212647,
      0.05420565390530715,
      -0.431782803207255,
      -0.40280165549661084,
      -0.05664047189171873,
      0.3407007272374538,
      -0.09291263239916196,
      -0.09566617170799228,
      0.08175021729578304,
      -0.07713235465280574,
      0.060363072716124844,
      0.10924197394118888,
      -0.25929703024565026,
      0.43912127277897506
    ],
    [
      0.022250084641090663,
      -0.2834687093943827,
      0.49297086925269373,
      -0.487474761945367,
      -0.13481991183893194,
      -0.29237281636137413,
      0.027297048439745765,
      -0.08976217490454289,
      0.25576052521066645,
      -0.09606448894991858,
      -0.045628540176728384,
      -0.06399985299132327,
      -0.15491313860622058,
      0.17686090929607587,
      0.3422100089568056,
      0.26987501672987035
    ],
    [
      0.03707517027021247,
      -0.4083627576038147,
      -0.2174208144978652,
      -0.03513872186042563,
      0.0743645799798865,
      0.2673273438011789,
      0.03409958877025471,
      -0.12422806584807806,
      0.0030005584668637703,
      0.09713557527826654,
      0.06503291923295314,
      0.08694179131045601,
      -0.04105034265301648,
      -0.15822214782979227,
      -0.32089112508314593,
      0.7340615668687456
    ],
    [
      0.7616674271851834,
      -0.1415519812310347,
      -0.24747685125046037,
      -0.2443517964215681,
      -0.015257135701674395,
      -0.26174346236671986,
      0.22990787215716946,
      -0.0786609289122406,
      -0.10839677951498154,
      0.0008280176423128221,
      -0.004011015159716045,
      -0.02719661575180843,
      0.2631995995788663,
      0.12272307950639003,
      -0.1704158421170492,
      -0.15875373594596529
    ],
    [
      0.037025676533326404,
      0.44092491839671427,
      -0.28510749410480407,
      -0.5410200986431027,
      0.13002470635166402,
      0.260408998392253,
      0.12311115871815917,
      0.1672219831304944,
      0.04124786184307328,
      -0.013069829352109527,
      -0.4375233129423816,
      0.1566243872972217,
      -0.1861735495603541,
      -0.13015769775120334,
      0.15293210355162656,
      0.09780882265074435
    ],
    [
      0.021645817572896384,
      0.10089467878310408,
      0.270785522347445,
      -0.26717073676372705,
      -0.465325947463302,
      0.5939452079288161,
      0.15544631134357115,
      -0.07793062189291795,
      -0.06896475220303526,
      0.12579724347794477,
      0.20212444308654068,
      -0.28197386327812124,
      0.03535540163082129,
      0.11369276615494783,
      -0.25741429517467745,
      -0.15403906419157953
    ],
    [
      0.17940416640799772,
      -0.24334964702579465,
      0.15707239835145526,
      0.26432329611182526,
      -0.3058098710913448,
      0.0898320556970121,
      -0.14179815479337807,
      0.23306060454210123,
      0.039181443499242054,
      0.18853217816021267,
      -0.590905966747623,
      0.31326579767134166,
      -0.2378190526674466,
      0.2328223438713171,
      -0.18428987201965308,
      -0.09450567075612012
    ],
    [
      -0.03684347076367676,
      0.1931246743069549,
      -0.036604144281027956,
      0.20955488361435246,
      -0.31816696333402245,
      -0.10313672845552607,
      0.2415473665153415,
      -0.5501584397854374,
      0.45002229953112327,
      0.09161220709777308,
      -0.29074800786478017,
      0.015762550845566714,
      0.23409300407616562,
      -0.3011153177510682,
      0.019656328489365424,
      0.04066198122186866
    ],
    [
      -0.09161438177496342,
      0.0777046104727974,
      -0.12817206938008502,
      0.1919853318337272,
      0.21851455899092445,
      -0.06005677596145588,
      0.4982752081216512,
      -0.15353872241883906,
      0.11488548026633681,
      -0.12081133612279932,
      -0.06235915500602832,
      -0.29284447735047525,
      -0.475514023827061,
      0.48153403701472436,
      -0.18197102695370274,
      0.023063509364101384
    ],
    [
      -0.005941039757721833,
      0.2573223999789407,
      0.12779568396553634,
      -0.12174444876519025,
      0.03592709381203739,
      -0.16585903236707172,
      -0.10053520199430394,
      -0.4989118907240305,
      -0.33859322313085033,
      0.33173925528854886,
      0.19741056297012358,
      0.4954187844806683,
      -0.28021952540368117,
      0.1194541894115562,
      -0.11333397092304019,
      -0.00567285186573387
    ],
    [
      0.04879163335901531,
      -0.05577757148581088,
      0.12344984177071149,
      0.10798560835979656,
      -0.009347373458445433,
      -0.16196592163735546,
      0.32588667580567815,
      0.16495488303596226,
      -0.3726225215300835,
      0.5550736630514312,
      -0.10066057999700553,
      -0.3417213836295205,
      -0.1817295549360119,
      -0.38296020263137354,
      0.2242108847062712,
      0.06371712330693982
    ],
    [
      0.1548849408451715,
      0.11760024627624892,
      -0.18380823670243443,
      -0.06630021085588621,
      0.11911789362576077,
      -0.041546062643611735,
      -0.5338191495133482,
      -0.02068468408152339,
      0.4388877136193403,
      0.49674171792629596,
      0.08675819126199884,
      -0.3710435757211538,
      -0.14849258451982647,
      0.11351250034999276,
      -0.054504892334521715,
      -0.014586496473535085
    ]
  ],
  "ts": "2026-04-26T02:22:17Z"
}