{
  "schema": "anima/alm_r14_lora_eigen/1",
  "schema_version": 1,
  "dest": "alm",
  "round": "r14",
  "source": "real_gram_h_last_r14",
  "source_provenance": {
    "h_last_file": "state/h_last_raw_p1_TRAINED_r14.json",
    "schema_of_h_last": "anima/h_last_raw/2",
    "reduction": "byte_weighted_mean",
    "base_model": "Qwen/Qwen3-8B",
    "lora_rank": 64,
    "lora_path": "/workspace/lora_qwen3_ia3",
    "method": "G = H @ H.T (16 prompts x 16 prompts), eigh -> 16 eigenvectors x 16 dims, descending |eigval|",
    "hidden_dim_truncated": 256,
    "training_witness": "state/r14_full_run/r14_full/witness.json (1200 docs \u00d7 3 epochs, train_loss 1.43\u21920.98)"
  },
  "eigenvalues_sorted_desc_abs": [
    5354.063077003515,
    299.81222695852233,
    120.09560426391853,
    69.45399424740211,
    47.04403792614945,
    45.6753699331259,
    36.68184987853275,
    31.006232490475885,
    29.644114382525263,
    27.128403862991394,
    24.02245440809856,
    22.867569029358208,
    20.424566306547963,
    18.72906383425325,
    17.484864541018894,
    15.17632930941478
  ],
  "eigenvectors": [
    [
      0.31618170989163025,
      0.25603050038133535,
      0.28685474077850115,
      0.30759795937963674,
      0.2493239382659371,
      0.29778519451661145,
      0.07012521317992622,
      0.066645911499977,
      0.0716150241279925,
      0.14125073632328516,
      0.13414746671002972,
      0.07896673689890536,
      0.3327672815278019,
      0.30705860320805467,
      0.3892311444027032,
      0.30256567417259883
    ],
    [
      -0.12780741340985288,
      -0.06221849120295904,
      -0.14438575050641989,
      -0.038005434964817064,
      -0.04865776973600531,
      -0.12637090064061657,
      0.38445701895997664,
      0.39650786592587733,
      0.4374933746246931,
      0.3660094519811951,
      0.29556438541097246,
      0.44825170455191027,
      -0.01664340681051357,
      0.04742501400865454,
      -0.06735635699317376,
      -0.11586765740338031
    ],
    [
      -0.07060859857065764,
      -0.22294459202794478,
      -0.3350787123652347,
      -0.2753623272232524,
      -0.39125344478329904,
      -0.10511873195301429,
      -0.24880487511820712,
      -0.13909966056953607,
      -0.08598042366025571,
      0.166360744548236,
      0.26565086065499455,
      -0.11963683667857813,
      0.4110719130223396,
      0.4111179949389823,
      0.21737136862833215,
      0.08139947339750367
    ],
    [
      0.6130736578306,
      -0.1129884738073075,
      -0.02997264919213764,
      -0.11164826743255976,
      -0.34190397241486814,
      0.3299406994305643,
      0.11571335417351872,
      -0.18984604382737347,
      0.038623825468104604,
      0.20192840342670643,
      0.3023478554445376,
      -0.10666224977177513,
      -0.21918343063996704,
      -0.3194669903157161,
      -0.13460523959904747,
      0.09768961785822586
    ],
    [
      0.2748435541391629,
      0.34446918150357,
      -0.18519061334179435,
      -0.24260262037243585,
      -0.3361844772011138,
      -0.12154204755626742,
      0.09413667516987693,
      0.2845105513921514,
      0.10539041549050351,
      -0.28660938011931086,
      -0.35786986179904146,
      0.05456720695938701,
      -0.3236955953849469,
      0.27702489274057707,
      0.21447705243959295,
      0.20791209526744714
    ],
    [
      0.20975967903879061,
      -0.4092998719801828,
      -0.41734277570980705,
      -0.12759521875035912,
      0.383501706320916,
      0.24614605179676446,
      -0.01700477415907161,
      0.10383963000884093,
      0.1797586711145285,
      -0.13967927106700195,
      -0.33653002649583813,
      0.09085010663159175,
      0.25251646226217817,
      0.011565515498325947,
      -0.26194436882552846,
      0.27100338458067996
    ],
    [
      -0.22579845653281186,
      0.030978244661381618,
      0.4101111659240974,
      -0.19966230881685118,
      -0.27415422235764075,
      0.3373010956504375,
      -0.41423045822472787,
      0.4713727719669021,
      0.16004714015834348,
      0.07636334334049186,
      -0.0670110767347236,
      -0.09470681581747539,
      0.11875356743598352,
      -0.09086016853765011,
      -0.2470209713665122,
      0.1703050704597814
    ],
    [
      -0.2546297084400817,
      -0.2876587122130798,
      0.11192367631847493,
      -0.06687846653029357,
      0.07396209176021512,
      0.25578063420017855,
      -0.22793935821285632,
      -0.3726700062901589,
      0.2970322898751216,
      0.06337280472958497,
      -0.03770170429615504,
      0.25001764007417776,
      -0.5232336580111652,
      0.19272556870509805,
      0.28660642681574516,
      0.15636095336742695
    ],
    [
      -0.041042736735539743,
      0.08156568720825341,
      0.19900887939965037,
      -0.1929965709825902,
      -0.20655785452144027,
      0.06584548025398468,
      0.3136458777751759,
      -0.37490377181051465,
      0.19458578204869398,
      0.32487970122481036,
      -0.5869595708081051,
      0.013172506650545035,
      0.31853658992418576,
      -0.05587021791630506,
      0.03776615595081211,
      -0.18644878706794382
    ],
    [
      0.06588433244613068,
      0.055590723648969734,
      0.1857834878501417,
      -0.11405756579464107,
      -0.16260561036642124,
      -0.15570014646609254,
      -0.10280920241273414,
      -0.24740182134575076,
      0.11808210871057542,
      -0.5136229867165446,
      0.17287335085390199,
      0.5789354683842092,
      0.31269504630088807,
      -0.2634479031720025,
      -0.011376344181353606,
      0.11165993161282757
    ],
    [
      -0.15013131168977256,
      0.231653545085204,
      -0.16146065682703384,
      0.4702961261780476,
      -0.26772452487446646,
      0.04617146696561835,
      0.005886783256692392,
      -0.24851228261460215,
      -0.05998432640176887,
      0.09406885387198013,
      -0.05748453055205468,
      0.16162154983351798,
      -0.045212997007456984,
      0.2752146776473552,
      -0.566389056166871,
      0.3170032140967176
    ],
    [
      -0.24518883582573953,
      0.1376056398555823,
      0.03188589274061884,
      -0.3341015645034603,
      0.06717923491202932,
      0.47454670707767654,
      0.4468864661912571,
      -0.09234634399988996,
      -0.06517452751628589,
      -0.3778458552454928,
      0.26577125217634856,
      -0.1260868859661103,
      0.015043078826729462,
      0.29405100841118287,
      -0.17108826386181833,
      -0.14440434526524357
    ],
    [
      -0.3913886059518289,
      0.020263863527694104,
      -0.2923966452752701,
      0.10799034265551082,
      -0.16682917261590632,
      0.265041792129286,
      0.24041931020791332,
      0.10244159958143419,
      -0.2929609232017253,
      0.025022365751298195,
      -0.055424273825480194,
      0.06836896572096175,
      0.04650738280056201,
      -0.4649111245553586,
      0.37523284083102093,
      0.35995612245414776
    ],
    [
      0.15773025158142925,
      -0.12116117776719387,
      0.030803647816620754,
      -0.026663906214611215,
      -0.0681715737816268,
      0.26821279727821473,
      -0.11261057620072255,
      0.15657642958116566,
      -0.5945991782771408,
      0.12155640569073996,
      -0.15934334262295938,
      0.5313832383610663,
      -0.05109623283531015,
      0.16988354772177264,
      -0.007925620569943373,
      -0.37065060390725324
    ],
    [
      -0.02648304276981777,
      0.6130516106486599,
      -0.28754701063410965,
      -0.3963809228360012,
      0.3434126261816518,
      0.05757969284114655,
      -0.3094831613814812,
      -0.15135062308328937,
      -0.020376661704714662,
      0.29762942364622336,
      0.08954232413569574,
      0.1309953217161811,
      -0.025201502586530766,
      -0.15482083665056504,
      -0.0687104189096164,
      0.015131012288406862
    ],
    [
      0.006536171915270027,
      0.1579527394440506,
      -0.352374995724881,
      0.3789791246223269,
      -0.17047037862806033,
      0.3456620151038488,
      -0.25365263438904095,
      0.013464046255546262,
      0.3713225975017448,
      -0.20291485965566336,
      -0.024511312696411016,
      -0.053608552376010116,
      0.09287103290952327,
      -0.08003619751803397,
      0.15365028381951723,
      -0.5224775148183511
    ]
  ],
  "ts": "2026-04-26T06:36:06Z"
}