{
  "schema": "anima/alm_r14_lora_eigen/1",
  "schema_version": 1,
  "dest": "alm",
  "round": "r14",
  "source": "real_gram_h_last_r14",
  "source_provenance": {
    "h_last_file": "state/h_last_raw_p1_TRAINED_r14.json",
    "schema_of_h_last": "anima/h_last_raw/2",
    "reduction": "byte_weighted_mean",
    "base_model": "google/gemma-2-9b",
    "lora_rank": 64,
    "lora_path": "/workspace/lora_gemma_r14",
    "method": "G = H @ H.T (16 prompts x 16 prompts), eigh -> 16 eigenvectors x 16 dims, descending |eigval|",
    "hidden_dim_truncated": 256,
    "training_witness": "state/r14_full_run/r14_full/witness.json (1200 docs \u00d7 3 epochs, train_loss 1.43\u21920.98)"
  },
  "eigenvalues_sorted_desc_abs": [
    6812.322968754993,
    998.9499322536525,
    429.6762230100947,
    389.9977430372724,
    302.88897300342137,
    283.9681408173291,
    249.04896902271952,
    218.72919411087298,
    208.95127416665474,
    179.0009257296515,
    158.35724763862174,
    157.02526691017724,
    140.11175629034145,
    115.22642638185712,
    104.11677983194618,
    91.5394889524974
  ],
  "eigenvectors": [
    [
      0.2962378337472378,
      0.29896718063163397,
      0.2646936724574058,
      0.29742658275234063,
      0.2711887076622806,
      0.2389867859569441,
      0.17828004683255128,
      0.17778782865684511,
      0.1574013055299334,
      0.17963109400181682,
      0.16459416908978444,
      0.170373717280016,
      0.280061764208856,
      0.29110566038668373,
      0.30953908106718653,
      0.31326296830402023
    ],
    [
      -0.23649597890755109,
      -0.13397151865383677,
      -0.1584372964835163,
      -0.06597934523276743,
      -0.12106611491531712,
      -0.1668449372607021,
      0.3861277318414361,
      0.3739244648222587,
      0.3683728277714558,
      0.3227816776622603,
      0.3656148302137745,
      0.37472322273825326,
      -0.06680625554268174,
      -0.1139297550325498,
      -0.09755191349973824,
      -0.15594734746281963
    ],
    [
      -0.3836533325575977,
      0.12031910599556038,
      -0.28414683700466414,
      -0.056338609683277786,
      -0.5317321990863502,
      -0.0486906960642317,
      -0.01878535270780334,
      -0.019756855775065217,
      -0.14554363222470929,
      0.062361648113813464,
      0.03138908128430371,
      -0.037900209457801926,
      0.08278500687161822,
      0.3668357972249277,
      0.16878491465380477,
      0.520733136773198
    ],
    [
      -0.32263177172525204,
      -0.3147537181949646,
      0.32158924666452254,
      -0.07381996627044567,
      -0.015345565601138093,
      0.15407985407916192,
      -0.06535082975185216,
      -0.20800692015004657,
      0.09817938469962627,
      0.15543368351201245,
      0.015165065012977349,
      -0.03850076206927788,
      -0.18824424498550876,
      0.1595253516356027,
      0.6562292193864423,
      -0.29903842024256333
    ],
    [
      -0.42643928486945065,
      0.13765322145131798,
      0.1029497020187557,
      0.6343652745622519,
      -0.0626496194298903,
      0.40996842267362626,
      -0.19987951370761345,
      -0.02898108211586538,
      -0.0722193659413231,
      0.10650249087034423,
      0.0677026011137302,
      0.06970845488738132,
      -0.1746948892102846,
      -0.197893496751853,
      -0.2771407759521114,
      -0.030064935988470484
    ],
    [
      0.12926440691069718,
      0.25332972029936185,
      -0.06735313212392811,
      0.4576962205031416,
      -0.1766710277950661,
      -0.46397547010239787,
      0.03158260740261805,
      0.1350025008103976,
      -0.006196241523943102,
      -0.3923001436079147,
      0.19832700470474404,
      -0.1109250755961971,
      -0.2879389466485738,
      0.08203270010114368,
      0.28748872206536075,
      -0.24803171277530703
    ],
    [
      0.16275941615300657,
      0.5401138427968322,
      -0.08646917524634634,
      -0.3707196278389271,
      -0.1652240136803281,
      0.2811429639655643,
      -0.3131844291259119,
      0.3170107681860068,
      -0.09490982321731184,
      0.23264504858876445,
      -0.028116411788336446,
      0.05555564605322094,
      -0.2717563177506277,
      0.029345321478148504,
      0.08592168912699276,
      -0.2878403333003313
    ],
    [
      0.4782193673931121,
      -0.294120822264536,
      -0.2363853637522375,
      0.07364514544716455,
      -0.3069999961876057,
      0.47068047615926634,
      0.28501124424663193,
      -0.21158332915460035,
      -0.03252491507472506,
      -0.009770832049729046,
      0.26897069349991753,
      -0.1221939245769651,
      -0.2966662869142046,
      0.06041329090713181,
      -0.037070532104696824,
      0.015643011582416554
    ],
    [
      0.0978864036622683,
      -0.060563058027590405,
      -0.5599151686269779,
      0.2803617975278829,
      0.22049331068961234,
      -0.11083385291744917,
      0.04119425157999936,
      -0.03517311756945579,
      -0.1287918608572154,
      0.451546491120318,
      -0.410338097709265,
      0.01871373912097845,
      -0.0655259642191479,
      -0.20317345878788726,
      0.30951046898506324,
      0.015103130499034173
    ],
    [
      0.010849523871559184,
      -0.16188677902308474,
      -0.15509923209910756,
      0.14047659713791139,
      0.057408906270161014,
      -0.04691276815703315,
      -0.11661124131052984,
      0.024649472776040883,
      -0.3407524543067187,
      0.19737530164752634,
      0.17608102038766227,
      -0.026518368604643752,
      0.38679315465564656,
      0.5450334960680167,
      -0.21389051505415443,
      -0.48061059168443365
    ],
    [
      0.17145627905919306,
      -0.19829494686752225,
      0.00019370762083267124,
      0.08590039954754942,
      -0.3607097409749373,
      0.04476144566894907,
      -0.3693095367387725,
      0.2096065639536122,
      0.05949739955357002,
      0.018055584578262604,
      0.19021063626741494,
      -0.1294570108760491,
      0.5261199039741219,
      -0.46957875178585207,
      0.23823060239853594,
      -0.02445539845721411
    ],
    [
      -0.2921164382027153,
      0.2509359327188547,
      -0.14519216665830426,
      -0.09887408590456295,
      0.17843504156317458,
      0.21524726924237977,
      0.453465627617111,
      0.11028956629369376,
      -0.05658106707144983,
      -0.07486184031219971,
      0.11153633643577944,
      -0.6369735684898348,
      0.20592308133484344,
      -0.161110436276265,
      0.08764074080027501,
      -0.1478303017139886
    ],
    [
      -0.1559946272856062,
      -0.1233987436718732,
      -0.3423889675690071,
      -0.11180351313175065,
      0.3370846259398463,
      0.25462738025710585,
      -0.09755002939003747,
      0.14941717427565326,
      -0.28702599580048266,
      -0.4994340572933669,
      0.22791707007131778,
      0.4199725652413668,
      0.012663871555300833,
      -0.06773039040940347,
      0.22969959669870021,
      0.05248254229865339
    ],
    [
      0.00838091619719387,
      -0.3137604787182923,
      0.07290745379402012,
      -0.012729486091688603,
      0.2898075987499794,
      -0.11662553480344717,
      -0.2783374195922272,
      0.44444948103793425,
      -0.11853973341914492,
      0.18210854410392519,
      0.2608677993030386,
      -0.4063481684491165,
      -0.3533322399713918,
      0.08147418886931411,
      -0.06320014718806956,
      0.3279444446733434
    ],
    [
      -0.026987638734479416,
      0.20790165625840734,
      -0.32296864996897656,
      -0.0669472554576236,
      0.2460412125084459,
      -0.07452769255649976,
      -0.3591634285233986,
      -0.4897579021937119,
      0.45514435340542475,
      0.08186409772619968,
      0.43011051816015283,
      -0.10573486613308034,
      0.012605282626281506,
      0.023590727494238028,
      -0.02111690467230659,
      0.033341963437838955
    ],
    [
      -0.041543846811763936,
      -0.16943541764728268,
      -0.23809609162041107,
      0.10565779681104989,
      -0.011181772378482462,
      0.24124045401865557,
      -0.14467532272968103,
      0.32080956815964207,
      0.591904945157029,
      -0.27920155792879653,
      -0.40984230406339117,
      -0.12740336790974294,
      0.035377282513150476,
      0.3086662230582158,
      -0.06440357482750828,
      -0.07974456857351807
    ]
  ],
  "ts": "2026-04-26T04:40:22Z"
}