{
  "schema": "anima/alm_r14_lora_eigen/1",
  "schema_version": 1,
  "dest": "alm",
  "round": "r14",
  "source": "real_gram_h_last_r14",
  "source_provenance": {
    "h_last_file": "state/h_last_raw_p1_TRAINED_r14.json",
    "schema_of_h_last": "anima/h_last_raw/2",
    "reduction": "byte_weighted_mean",
    "base_model": "mistralai/Mistral-7B-v0.3",
    "lora_rank": 64,
    "lora_path": "/workspace/lora_mistral_r14",
    "method": "G = H @ H.T (16 prompts x 16 prompts), eigh -> 16 eigenvectors x 16 dims, descending |eigval|",
    "hidden_dim_truncated": 256,
    "training_witness": "state/r14_full_run/r14_full/witness.json (1200 docs \u00d7 3 epochs, train_loss 1.43\u21920.98)"
  },
  "eigenvalues_sorted_desc_abs": [
    42183.5114897077,
    4719.7574351409185,
    2473.055201738746,
    1662.2741288665068,
    1308.1725163786466,
    1234.6536954275966,
    1134.0011887321195,
    981.9948466161161,
    949.933592135796,
    870.3361835441106,
    708.394301309987,
    588.0637981232785,
    533.3679147270043,
    433.3638187064838,
    406.1046328453052,
    313.1092144522408
  ],
  "eigenvectors": [
    [
      0.3396816275009525,
      0.3133850015331968,
      0.3654360187954147,
      0.32003288485697634,
      0.3030562917556408,
      0.3105864659825617,
      0.1251095038432326,
      0.07638106587259551,
      0.09309002304515791,
      0.11828951746523002,
      0.08384479901972619,
      0.10012695706848529,
      0.3117052906028887,
      0.2798812119903285,
      0.24006386709550187,
      0.26040413983356797
    ],
    [
      0.14162703009445485,
      0.21795549264180258,
      0.15788899011898075,
      0.06359932118943265,
      0.18449232424761972,
      -0.027925394160449462,
      -0.42775692216068756,
      -0.33652655598901937,
      -0.4137186809011355,
      -0.3372035040651531,
      -0.3494226318325874,
      -0.39949711263888027,
      0.027393502443955477,
      0.004110497148200915,
      -0.05988044830322656,
      -0.03877616605431268
    ],
    [
      0.16395006834022913,
      0.20280303696100438,
      0.38943606463229824,
      0.002785688452873776,
      0.1626671271563293,
      -0.21062460585295217,
      0.12676635686141463,
      0.12219972895890777,
      0.12303475724298854,
      0.03754530697708769,
      0.04938910702856219,
      0.10672365633497098,
      0.11481763493822908,
      -0.3211768713832293,
      -0.6235978942138201,
      -0.37803288614082453
    ],
    [
      -0.08099865666209934,
      0.10354765644969524,
      -0.48337561106500065,
      -0.09841526001178268,
      0.10732780077508083,
      -0.21755325500704784,
      0.050478916281963424,
      0.09400219519486895,
      -0.07124462041967126,
      -0.006025817782624757,
      -0.1229536643008142,
      -0.0032347085536921145,
      0.6810172497613753,
      0.047973207671198795,
      -0.27979646969981725,
      0.3233174686075884
    ],
    [
      0.0005808318366947605,
      -0.32057441416207755,
      -0.1402207078271335,
      -0.18599984711106857,
      0.8465716061989359,
      0.028772313144085744,
      -0.06298664299968684,
      -0.026004469852223638,
      0.030340434454132183,
      0.07857191379061626,
      -0.015231892802026931,
      0.10513861758611746,
      -0.07715602876725923,
      -0.25092897108077317,
      0.1752898505484139,
      -0.05285714182254911
    ],
    [
      -0.6601827352555787,
      0.2669511317068708,
      0.17158364829022907,
      -0.22148179185734396,
      0.09950067305361839,
      0.47824861105157673,
      -0.20798297681906358,
      0.12554638239509067,
      -0.11577868175615479,
      0.1522780302658771,
      0.14465803109532807,
      -0.04177237717347,
      -0.018326601856746998,
      -0.0029014654502923514,
      -0.21203099970664627,
      0.1104272583927472
    ],
    [
      0.18578259558695126,
      -0.3018910918866522,
      0.1498511070161271,
      0.07095080970003453,
      -0.17910742723477047,
      0.24044688863172053,
      -0.06522335951953308,
      -0.053204785714895786,
      0.05269640447073235,
      -0.10369071667210543,
      0.08026757348425591,
      -0.08902186794801886,
      0.02929547961554378,
      -0.6052370679135739,
      -0.14491260866716657,
      0.5777646249163445
    ],
    [
      0.09560449548702273,
      0.34208007664582196,
      -0.0397146361589285,
      -0.27466234076208546,
      -0.20996269661516015,
      0.11218766781698192,
      0.00756525486664096,
      0.10712727011446271,
      -0.08425978785849128,
      0.2334990463151611,
      -0.2895527688688974,
      0.06398169666127776,
      0.22470513114500087,
      -0.5052222572700373,
      0.46823353696093584,
      -0.23255086690184099
    ],
    [
      -0.30021570316400364,
      0.14444182023074253,
      0.34148549254573535,
      0.048636488150390796,
      0.056862588937604146,
      -0.688146758710421,
      -0.10033794860854242,
      0.14889588272174187,
      -0.10289978147992947,
      -0.0350483301230122,
      0.16807765622138335,
      0.07911685628425981,
      -0.04762276109720355,
      -0.12898258503456797,
      0.30579731956617157,
      0.31979599428976646
    ],
    [
      0.2476003636494368,
      0.5219381579057787,
      -0.4091973670362845,
      0.0715923725306746,
      0.10744929173141504,
      -0.014750037745924342,
      -0.028246214572922573,
      0.22208051097145406,
      -0.025602438790866613,
      0.019687107212010325,
      -0.01146690333311586,
      0.09384795628580689,
      -0.566106523798714,
      -0.09188131712978385,
      -0.15451711616910718,
      0.2627733673772591
    ],
    [
      0.15992111593321676,
      0.07301354157947006,
      0.23422744186985642,
      -0.7133962593722357,
      -0.018435744667942146,
      -0.0864455919430306,
      0.03011596146121639,
      -0.1967939819163236,
      0.37829255586923255,
      -0.009527507990678962,
      -0.24893565213280097,
      0.017277165441848354,
      -0.10685456222294021,
      0.24541405647074757,
      -0.05672978681667922,
      0.278428207327883
    ],
    [
      -0.27800949742404996,
      0.25363783023480957,
      -0.07456547600098765,
      0.057014775243445504,
      0.08440806640368818,
      0.10966173509789719,
      0.4392345117350071,
      -0.24630458600956973,
      0.24897459238380598,
      -0.6788674154033755,
      0.01940226197999343,
      0.07035908419647091,
      0.0167732141348894,
      -0.17242325068159756,
      0.1293216930301725,
      -0.04373980083519491
    ],
    [
      -0.2692324784280647,
      0.01219023704300734,
      0.012622171898287066,
      0.39758308145999505,
      -0.009598234436160499,
      -0.048768704333467194,
      -0.048455233805837786,
      -0.4223190158106572,
      0.20082834111265233,
      0.34194883516732294,
      -0.526434329088202,
      0.3497138414258938,
      -0.07397142342749508,
      -0.05924996849269844,
      -0.10125635190274485,
      0.10016381644021065
    ],
    [
      -0.11904082848886367,
      -0.01323984643923,
      0.05471733576930569,
      0.066277404311778,
      0.10250678426600239,
      -0.06553038319910434,
      0.5859708384810873,
      0.03826828352463868,
      -0.06080285575927954,
      0.3124700811541873,
      -0.19439482000754843,
      -0.6726720857709033,
      -0.13349792704019228,
      -0.03805331364365457,
      -0.007528149059472601,
      0.08775594172669622
    ],
    [
      0.09868126110121224,
      0.17476675304497324,
      -0.09663990510195648,
      -0.1332251904577197,
      -0.014659760543427333,
      -0.06500531858683592,
      0.14400211790900908,
      -0.6833818507676983,
      -0.2615214996925887,
      0.2907190945218106,
      0.5283059820877986,
      0.05584056361599675,
      0.02361390632084009,
      -0.0648634807361519,
      -0.01831148781755967,
      0.014343636061716666
    ],
    [
      -0.030438548821169607,
      0.1625818670036238,
      -0.16158540291149706,
      0.14080970771499637,
      0.018274688774498397,
      -0.08338672782806442,
      -0.40009051303613485,
      -0.09321679768566844,
      0.668577538663028,
      0.1206973682708042,
      0.23899515912950114,
      -0.44264787923363685,
      0.0958511316950154,
      -0.08634807599230163,
      0.08787802009418645,
      -0.10802188364592387
    ]
  ],
  "ts": "2026-04-26T01:28:52Z"
}