{
  "schema": "anima/alm_r14_lora_eigen/1",
  "schema_version": 1,
  "dest": "alm",
  "round": "r14",
  "source": "real_gram_h_last_r14",
  "source_provenance": {
    "h_last_file": "state/h_last_raw_p1_TRAINED_r14.json",
    "schema_of_h_last": "anima/h_last_raw/2",
    "reduction": "byte_weighted_mean",
    "base_model": "Qwen/Qwen3-8B",
    "lora_rank": 64,
    "lora_path": "/workspace/lora_r14_full",
    "method": "G = H @ H.T (16 prompts x 16 prompts), eigh -> 16 eigenvectors x 16 dims, descending |eigval|",
    "hidden_dim_truncated": 256,
    "training_witness": "state/r14_full_run/r14_full/witness.json (1200 docs \u00d7 3 epochs, train_loss 1.43\u21920.98)"
  },
  "eigenvalues_sorted_desc_abs": [
    3317.960547893856,
    368.444813593591,
    193.86614443138552,
    164.9680591571737,
    112.7874266638711,
    95.37706748076427,
    80.97349406608717,
    67.54725308818534,
    62.397168795210135,
    59.880363427227216,
    56.098829736063024,
    52.52092676481174,
    48.266026693675286,
    41.57409858189299,
    36.963671761381484,
    34.61226148232368
  ],
  "eigenvectors": [
    [
      0.2772608637822698,
      0.2816356130483294,
      0.27251734271410255,
      0.3053102929715498,
      0.27430355824249963,
      0.24884213448210826,
      0.10974431106506921,
      0.1639285503325634,
      0.13499413807379068,
      0.17835538003017878,
      0.20412313889302036,
      0.1374175809136835,
      0.3009322594133768,
      0.2716011963545035,
      0.39505942141244915,
      0.26317902097356227
    ],
    [
      -0.1414978506667278,
      -0.11622768477930723,
      -0.16467691284590175,
      -0.15049086915448479,
      -0.09741458532018674,
      -0.1452129279784809,
      0.4166346523494505,
      0.27856248109432125,
      0.39713706854611946,
      0.4450212416301604,
      0.2099746190365522,
      0.4384980431912198,
      -0.02052112852459129,
      -0.1265029649404782,
      -0.1621164913764689,
      0.010397406352089711
    ],
    [
      -0.17213601034366685,
      0.030685385416459435,
      -0.1747584455520051,
      0.031161456680230355,
      -0.12962007824156838,
      -0.261725157884134,
      -0.36238119452174405,
      0.3458437654382668,
      -0.15789675368914155,
      -0.07921007248846973,
      0.692958678494709,
      -0.116396023778279,
      0.07012081488193626,
      -0.023055165246747326,
      0.23110198981533214,
      -0.13373332912807637
    ],
    [
      -0.06270594947220856,
      -0.022746154314065462,
      -0.13190943652677248,
      0.37329286449060894,
      0.24974447577752618,
      0.14605912495454892,
      -0.0511426037563708,
      -0.24122475307533472,
      0.07317564832985227,
      -0.12401811256072673,
      0.22091790918674292,
      0.050453303803334064,
      0.4969926964827478,
      -0.40562926579309017,
      -0.45640531614369484,
      -0.04862422458182524
    ],
    [
      -0.2618281210323308,
      -0.28343945394738673,
      -0.34469339057043136,
      -0.20177605073929078,
      0.00783006163823788,
      -0.09012406848526267,
      -0.022075938012802165,
      -0.2887442454865345,
      -0.15271868392606308,
      -0.020236380090272326,
      -0.0038692780113743453,
      0.11304279511045931,
      0.3203362349551114,
      0.2772974496363229,
      0.14508938743070804,
      0.6020386177135556
    ],
    [
      0.05468260869179611,
      0.3934909314260042,
      0.001386273722526718,
      -0.12880263470783068,
      -0.3703002510283139,
      -0.05985091367642828,
      0.19910387952250752,
      0.23088526319016145,
      0.09344243523181461,
      -0.2788806129581959,
      0.016765685448071117,
      -0.22462524899112687,
      0.27812725697163554,
      0.3748726152539645,
      -0.46905770699929866,
      0.12955707019917023
    ],
    [
      -0.5325321487085309,
      -0.12768586115246575,
      0.3328767294280277,
      0.1197843077117346,
      -0.1916018798337996,
      0.5028193131849619,
      -0.3028414024726689,
      0.028577617515795975,
      0.13708066689066167,
      0.1771353851557637,
      0.09970469313422929,
      -0.03258942853277279,
      -0.18629107984236312,
      0.18964227473919282,
      -0.21048929898981483,
      0.12937172164714902
    ],
    [
      -0.5263029429172715,
      0.29137226527211924,
      0.2790529895299978,
      0.054355212412194424,
      0.04434350004038041,
      -0.4472242345837745,
      0.029423134266230888,
      -0.25574224602186235,
      0.35064165401581354,
      -0.06681556250987829,
      -0.1660647772060088,
      -0.03694880931266371,
      0.19141272071991336,
      -0.008439351164945774,
      0.2586206155068686,
      -0.17054438504501157
    ],
    [
      -0.28016091878864674,
      0.21357222748580923,
      -0.2648271020509423,
      -0.24584203685011272,
      0.2528246744509042,
      0.2764726328309616,
      -0.045220670811614946,
      0.4694603200638623,
      -0.04769091502545287,
      0.1490267331029238,
      -0.34976872996011377,
      -0.2942080375053723,
      0.2150074109655439,
      -0.29194606571584675,
      0.12625002332818575,
      0.041833520945873004
    ],
    [
      0.17385054696740157,
      -0.17312271921394926,
      -0.10481527489874416,
      -0.25854781766556545,
      0.2016799418222987,
      0.05693382461261381,
      0.035440388798399974,
      -0.27717731526815714,
      0.4241531993554539,
      0.25148949348247335,
      0.25647316832523587,
      -0.6260171078858913,
      -0.001479043349947011,
      0.16055208738252186,
      -0.0027053119909039385,
      -0.1155701718707903
    ],
    [
      -0.04663034085033227,
      -0.015913040783647317,
      0.04979190708519221,
      -0.18365298351358705,
      0.32573767669557663,
      0.07242520859567896,
      0.06161721912144021,
      0.1288380044227089,
      0.36099102995956917,
      -0.6404385254767251,
      0.17004330559870035,
      0.07157110471726362,
      -0.34795692595844224,
      -0.1687258586154601,
      0.02770943777875035,
      0.32372047831437895
    ],
    [
      0.12439101025364079,
      0.3507180724620317,
      0.1110608732756129,
      -0.07679246892629492,
      -0.3963525152815527,
      -0.0021979090085881493,
      -0.010215239414608276,
      -0.2613740669569659,
      -0.023902170808993633,
      0.20707703596779858,
      0.14143699699372728,
      -0.16144353383697058,
      -0.11804240852992107,
      -0.5430867853493399,
      0.08785331890093416,
      0.46005987065447695
    ],
    [
      -0.2200424938990036,
      -0.08987505870929238,
      0.0859201119110485,
      0.40642877763350915,
      0.2547106947334747,
      -0.2741801274999431,
      0.4414227841099626,
      0.12900588279884814,
      -0.32696884471467,
      0.1176952712715764,
      0.06263768143043878,
      -0.3797144546477644,
      -0.2633428306543015,
      0.021455340952747395,
      -0.1512304154024887,
      0.2405005616900782
    ],
    [
      0.12427337544338458,
      -0.5972838963021107,
      0.2979935583146863,
      0.12770032605138293,
      -0.33603034501014845,
      -0.06072804760967663,
      0.07635196750370414,
      0.2773368327796218,
      0.17882565828256328,
      -0.15703219911313115,
      -0.15755297653415448,
      -0.21481311449884827,
      0.3252926662223302,
      -0.2210123688947124,
      0.18595119459266532,
      0.08065938348679012
    ],
    [
      0.21548680413253604,
      -0.014243994670640789,
      0.1248508226743699,
      0.020977995743686025,
      0.24009036544151272,
      -0.4447200215961324,
      -0.5753716381216191,
      0.19726637616736206,
      0.17140469514642379,
      0.2341368177585736,
      -0.20086850130986333,
      0.033625739590500595,
      -0.029134418226913313,
      0.02729546603564356,
      -0.315297131162504,
      0.2920005367884785
    ],
    [
      0.027453611588468173,
      0.07395660375649124,
      -0.5792052430476405,
      0.5660127894204701,
      -0.2387473493429937,
      0.03238610317386393,
      -0.09375252830496947,
      0.014930237318202366,
      0.3723499682790226,
      -0.05134081743680231,
      -0.20323134711834917,
      -0.07732519024134772,
      -0.22030599755730268,
      0.0850375720888919,
      0.14960866272233775,
      0.0644554610965266
    ]
  ],
  "ts": "2026-04-26T00:17:29Z"
}