own#3 (d) Ψ_steps Law 70 validation cycle
verdict: HOL-C MEASURED_DIFFERENT
ts_unix: 1777222178
roadmap: 241
4bb_mean_psi_op_a: 2.11214
target_3_over_ln2: 4.32809
diff: -2.21595
rel_err: -0.51199
best_match_other_constant: phi(6)=2 (diff=+0.11214)
tool_sha: 90f6de07215d4e04bc3e7ddc33525e9d23207f482daa5c068307311114ce7a47
stdout_sha_2run: 1d0cd56c49993e3b65305fdbe106f70c3caee62e396d361691e0299bb367a091
