{
  "schema": "anima/alm_r6_p2_lora_eigen/1",
  "schema_version": 1,
  "dest": "alm",
  "round": "r6_p2",
  "source": "real_gram_h_last_r6",
  "source_provenance": {
    "h_last_file": "state/h_last_raw_p2_TRAINED_r6.json",
    "schema_of_h_last": "anima/h_last_raw/2",
    "reduction": "byte_weighted_mean",
    "base_model": "unsloth/Meta-Llama-3.1-8B",
    "lora_rank": 64,
    "steps": 300,
    "method": "G = H @ H.T (16 prompts x 16 prompts), eigh -> 16 eigenvectors x 16 dims, descending |eigval|",
    "ref_phi_gate": "state/phi_4path_cross_result_v3_TRAINED_r6.json (same Gram spectra)",
    "lineage_commit": "1e064038 (phi_4path r6)",
    "adapter_commit_ref": "95a306ea (AN11(a) SSOT r6 witness)"
  },
  "eigenvectors": [
    [
      -0.3513215226141288,
      -0.380661927666497,
      -0.31551115617485703,
      -0.3676451949806061,
      -0.3640334077972457,
      -0.30896671887987404,
      -0.059738704999884616,
      -0.03264170225903459,
      -0.05790121188712902,
      -0.06312433857085718,
      -0.02949591194689704,
      -0.04486365026238663,
      -0.283960908802403,
      -0.20309200580676526,
      -0.23094261026558388,
      -0.2809089147030715
    ],
    [
      -0.10687203762422308,
      -0.07836697967426612,
      -0.008727545989679331,
      -0.06497360797926323,
      -0.06461984448320121,
      -0.03218419669622377,
      0.4716222070751266,
      0.4479009744983227,
      0.35525107826517943,
      0.4963372684856831,
      0.21869206881126013,
      0.3528782365217763,
      0.036884093114823525,
      0.04891730749532361,
      -0.034339253216075616,
      -0.007007226267059115
    ],
    [
      -0.05220928004840289,
      0.5732714574635114,
      -0.2913418547647608,
      0.06898034252294022,
      -0.26643434068126176,
      0.009556296343686875,
      -0.08216741937305083,
      0.008689776089714009,
      0.05805599973943682,
      0.1858312727091093,
      -0.3286800623898321,
      0.0008046833093142275,
      0.3215634728754311,
      -0.19158884131046167,
      -0.46104985885290434,
      0.049787246682574594
    ],
    [
      0.38712756565365386,
      0.30584654183820803,
      0.20068308655851774,
      0.015658531530976703,
      -0.3336770669516134,
      0.21109070275717046,
      -0.08807401460033266,
      0.1070467291414283,
      0.0547607433365665,
      0.06370099408374068,
      0.03349245658372435,
      0.03130638773045623,
      -0.6967960421848896,
      -0.011432163031742548,
      -0.06760613218593874,
      -0.2038900384144722
    ],
    [
      0.115248691176003,
      -0.005241205160947941,
      -0.19408249678852907,
      -0.37251234486364554,
      -0.3639609295949184,
      -0.004249769387887544,
      -0.13352995142789253,
      -0.07285936585564058,
      -0.04395683469845369,
      0.20918231942768264,
      -0.2575029912078908,
      0.03753978663878155,
      0.04276029191639252,
      0.5425310938246949,
      0.38093585457497336,
      0.31614146297286233
    ],
    [
      0.7022926821461475,
      -0.22461806221319647,
      -0.06742007832004221,
      -0.3744890119474123,
      0.15452685641236252,
      -0.028637181808389135,
      0.08625421830523204,
      -0.20274095202991,
      0.06607062080603554,
      -0.01663002629869702,
      0.05006065278676831,
      0.11895009768135466,
      0.22788226129686198,
      0.022944076773386498,
      -0.38086546402516036,
      -0.1396050486099553
    ],
    [
      -0.11854351144840339,
      -0.05738849233168408,
      0.5486803243967948,
      -0.030157729983749552,
      -0.39328312559381967,
      -0.13047198336500687,
      0.016004680040035867,
      -0.008088924766746547,
      0.11391141811248834,
      -0.2587865000394866,
      0.230874286126871,
      -0.10716689124449695,
      0.13332385581134992,
      0.22764576470167397,
      -0.40495873000899013,
      0.36104696910253686
    ],
    [
      -0.22232666753465782,
      -0.18758810550201965,
      0.2282961128666054,
      -0.30998711174597915,
      0.2180769645427728,
      0.5191408818346085,
      -0.14922738262902774,
      -0.18643972840897077,
      0.03499762749127328,
      0.41680000658937655,
      -0.14072667709166276,
      -0.13849016732171107,
      -0.13376648520000278,
      -0.22854731281329949,
      -0.18737754266518097,
      0.27186161093761035
    ],
    [
      -0.18916841803703144,
      0.41879945589244527,
      0.09326319431979391,
      -0.6002957800267805,
      0.2516968565232272,
      0.0911727529065428,
      0.3453372773974742,
      0.19907890945009282,
      -0.043579514275860626,
      -0.3792935318526456,
      -0.10579544588090671,
      -0.09678493531367845,
      -0.03354149085394086,
      0.08824661947720944,
      0.03674085064220553,
      -0.11238375157529115
    ],
    [
      0.024151324872282668,
      0.12857905564907776,
      -0.4130803702088559,
      0.038743588422738874,
      0.31154602686601973,
      -0.1961747629468289,
      0.059211979131220366,
      0.002710271176301189,
      -0.16910352907021078,
      -0.005976335133572131,
      0.28923762879783727,
      -0.001503758049721561,
      -0.4022088725965853,
      0.12193623479914195,
      -0.27171452165119026,
      0.5558122186393332
    ],
    [
      0.05224760052830385,
      0.07144000420439328,
      -0.09488577629247029,
      -0.2395028348792693,
      -0.17289492483670751,
      0.24668362576913974,
      -0.3689337696213541,
      0.3114884531516342,
      -0.295894223425916,
      -0.09601356048517708,
      0.5200489978544196,
      0.2182591748264909,
      0.24302308995946278,
      -0.3094848210668512,
      0.1466495000170648,
      0.10349768650112501
    ],
    [
      -0.18670181430232605,
      0.056310140177320375,
      -0.3291050555392363,
      0.09254879713112464,
      -0.15981299221638587,
      0.5078578027442769,
      0.19382838741097919,
      -0.45177802654894295,
      0.21774761326496248,
      -0.13943888274647165,
      0.3894975543103287,
      -0.014231166463396257,
      0.04025065942608788,
      0.2535953489015056,
      -0.030996383141368843,
      -0.1852134593812363
    ],
    [
      -0.25874101676816763,
      0.1582726026070281,
      0.16706807889733588,
      -0.059996825670456985,
      0.271350936132548,
      -0.1449627809687251,
      -0.4549562754957363,
      -0.14805960869238122,
      0.0066768634184581595,
      0.0829498843643969,
      0.04565873014952212,
      0.5641501986732148,
      -0.04298010538522858,
      0.3532010041619934,
      -0.17244827054983305,
      -0.26330027296765296
    ],
    [
      0.015985138066064244,
      0.2909392021551409,
      0.1339437078797284,
      -0.19645012573384746,
      -0.040501996868502976,
      -0.3802240127201338,
      0.05579925398312643,
      -0.5115355086576048,
      0.30071077557407,
      0.10579746398843058,
      0.21525309514811738,
      0.07842088186332709,
      -0.02997234852953159,
      -0.4040989503793641,
      0.33117880047165454,
      0.13998191810083024
    ],
    [
      0.011429497859614024,
      -0.16676043448154604,
      -0.11137327558791113,
      0.05719408040613944,
      -0.03139545337892463,
      0.18997291331739408,
      -0.02073905670040042,
      0.045312130017182956,
      0.37783530289899414,
      -0.48271638609525347,
      -0.34644494625326766,
      0.519110373493588,
      -0.11396505218855449,
      -0.20370415971113673,
      0.03639582515824002,
      0.30942542682722096
    ],
    [
      -0.03592468473961513,
      -0.010218573934921182,
      0.15791306620521364,
      0.07972821072655184,
      -0.17406471526172923,
      0.06512458161222844,
      0.45246648810033807,
      -0.281310371450063,
      -0.6669955384138018,
      0.05193317613979933,
      -0.12156293193068275,
      0.4185221566090218,
      -0.018424790034610235,
      -0.09116581896940293,
      -0.026234300251433914,
      0.0453136464496865
    ]
  ],
  "eigenvalues": [
    223229.75330408887,
    43638.38534157948,
    2601.8481479726843,
    1412.0889671172931,
    1086.28950323189,
    718.3019761086432,
    440.01008302048103,
    386.34549235498855,
    339.2038371954212,
    328.1370056174506,
    226.19740149742884,
    196.8155161455998,
    162.61504701411454,
    157.2322146788811,
    134.5352506375162,
    119.02341622153386
  ]
}