{
  "schema": "anima/alm_r6_p4_lora_eigen/1",
  "schema_version": 1,
  "dest": "alm",
  "round": "r6_p4",
  "source": "real_gram_h_last_r6",
  "source_provenance": {
    "h_last_file": "state/h_last_raw_p4_TRAINED_r6.json",
    "schema_of_h_last": "anima/h_last_raw/2",
    "reduction": "byte_weighted_mean",
    "base_model": "google/gemma-3-12b-pt",
    "lora_rank": 128,
    "steps": 300,
    "method": "G = H @ H.T (16 prompts x 16 prompts), eigh -> 16 eigenvectors x 16 dims, descending |eigval|",
    "ref_phi_gate": "state/phi_4path_cross_result_v3_TRAINED_r6.json (same Gram spectra)",
    "lineage_commit": "1e064038 (phi_4path r6)",
    "adapter_commit_ref": "95a306ea (AN11(a) SSOT r6 witness)"
  },
  "eigenvectors": [
    [
      0.3101155934878367,
      0.29512661905587756,
      0.32581490853591916,
      0.3131332789644913,
      0.3236626767183698,
      0.2695715413987662,
      0.1508589960222738,
      0.1896949132720308,
      0.14761055573728682,
      0.13286465049568438,
      0.17616657150643722,
      0.17620651281110256,
      0.27898345376085687,
      0.2333544471888101,
      0.26630540738717356,
      0.2676227349417448
    ],
    [
      -0.10146623336497664,
      -0.09060549039132416,
      -0.13957469481785498,
      -0.06884984898967005,
      -0.0972774423859553,
      -0.062402495790510326,
      0.34998394737528815,
      0.3362772401003512,
      0.38367762338400463,
      0.34395161182666995,
      0.4337463159715715,
      0.34525524587714274,
      -0.17226367455371486,
      -0.08342631261719233,
      -0.1604525196973516,
      -0.2704028806745631
    ],
    [
      -0.1922808149525991,
      -0.08433708352973752,
      -0.20874586949857746,
      -0.3093410530415078,
      -0.47919361334733684,
      -0.05189176387595191,
      0.05448464282647633,
      0.08476270350348761,
      -0.006229925753698702,
      0.1783152485730762,
      0.018178232942217872,
      0.04651629393417075,
      0.3917567249721885,
      0.30469684781638845,
      0.1518253475914793,
      0.520079092608843
    ],
    [
      -0.02602349129099637,
      -0.2643205345871412,
      0.2722316576657818,
      -0.09100498019089608,
      -0.2492969837035813,
      0.3916470511443665,
      -0.07274284519994068,
      -0.228073830907286,
      0.17143911961573394,
      0.02434804438607635,
      0.11393128061854783,
      -0.04157643519526342,
      -0.5490955607469695,
      0.15570400368479276,
      0.4495112189935726,
      0.041433261418070286
    ],
    [
      -0.18233800130211072,
      0.30446083745055763,
      0.16473858597954924,
      0.07989452524132055,
      -0.3556782848417927,
      0.6056755223455411,
      -0.059817924787461625,
      0.12769842507472204,
      0.07232113589086865,
      -0.06014997807072138,
      -0.04839016612542121,
      -0.12483567865396807,
      0.03255151904364442,
      -0.12646296911060195,
      -0.5298407985844098,
      0.05236301273813036
    ],
    [
      0.05593579192384964,
      0.20106279053046167,
      0.6079026690046935,
      -0.001212758179179566,
      -0.3299873369542605,
      -0.5866130469901,
      0.0728358590898176,
      0.07554704318405145,
      0.1634734828651953,
      -0.21666013467401618,
      0.07866894067307378,
      -0.1244761325457868,
      -0.09902624951874121,
      0.0591280965452567,
      -0.09844434614565474,
      0.06735700103231196
    ],
    [
      0.20752963669307828,
      -0.5328704149795295,
      0.29123570065193843,
      -0.3715506072161223,
      0.2722177657854326,
      0.09555311532889153,
      0.07471870463099209,
      -0.1642158996081174,
      0.3089610262896094,
      -0.05577503746360117,
      -0.08658549322448661,
      0.03388689340108878,
      0.21949725822918265,
      -0.12023386789392801,
      -0.3545456036357862,
      0.19692352105565467
    ],
    [
      0.796052240500331,
      0.028195169034731987,
      -0.272360238652511,
      -0.14949065038317932,
      -0.3247016918391431,
      0.10883338720748975,
      0.15393880700740545,
      0.05373946128178212,
      -0.0619769304106235,
      -0.24043245480306702,
      0.05891373171890772,
      -0.08109708638422207,
      -0.004138626599800855,
      0.13005047822625213,
      -0.04412176196362213,
      -0.18585981922970313
    ],
    [
      0.205693048396715,
      0.10665914656545405,
      -0.18454379691521067,
      0.022057697148240723,
      0.11791903511505787,
      -0.106831501668257,
      -0.06592983505333365,
      0.043272086130910464,
      -0.15379063940671306,
      0.09005576017584681,
      0.11243726132279255,
      0.1052476260207911,
      -0.5209292280018538,
      -0.22280859245443568,
      -0.22555647656758213,
      0.6729537141036626
    ],
    [
      0.012602206308362224,
      -0.4554091956430812,
      0.057826632674147296,
      0.5723721314244123,
      -0.16082287092457379,
      -0.040135604568353675,
      -0.014957103504599202,
      -0.21105031678948333,
      -0.32071629362175685,
      0.044876206015738655,
      0.3590193744352609,
      0.03216366717905752,
      0.0939815729247607,
      0.24753085905909014,
      -0.29015000951736536,
      0.012479626895231187
    ],
    [
      -0.09905603656704706,
      -0.04505020367096814,
      -0.35679942195804454,
      0.32097963708508626,
      -0.009223877667665253,
      -0.034941510410144073,
      -0.09976850932084154,
      -0.07531430029896287,
      0.5859557960752321,
      -0.5084096376829443,
      0.20074788242997477,
      -0.14351664722778437,
      0.10051808490754613,
      -0.14903792295902582,
      0.11763595636378407,
      0.17893277063645957
    ],
    [
      0.15015295505485315,
      -0.03679671968123756,
      0.07124357640730512,
      0.23594736190483862,
      -0.2962953382671337,
      -0.017847668434366998,
      0.2812396645094626,
      -0.2517116285673892,
      -0.01476750788834498,
      0.31400776705649197,
      -0.14294584024980134,
      -0.05648997870466395,
      0.18533453432929023,
      -0.684362507370812,
      0.2392645236558894,
      0.04896218697124627
    ],
    [
      0.05380375199858507,
      0.0613501842659036,
      -0.15636156453061767,
      0.27982912025144113,
      -0.03143133865622489,
      -0.09738474548438174,
      0.20595952657881197,
      -0.23970132116480766,
      0.36526445868378843,
      0.26090522438037717,
      -0.5920108230016041,
      0.02184660893607611,
      -0.18559359675100304,
      0.3934902169915352,
      -0.1958627366264368,
      0.012440768358861555
    ],
    [
      0.02687685967767775,
      0.18472307006044383,
      -0.07729696108825752,
      -0.14777951010386262,
      0.17205298558896734,
      -0.03635426888248699,
      0.017979789077275713,
      -0.2507952454932097,
      0.1030289748652739,
      0.3909206746100548,
      0.37035843247470734,
      -0.7238068168408978,
      0.030505192912063512,
      0.09904676818301786,
      -0.08648562479897241,
      -0.021904675737304292
    ],
    [
      0.18256071528444137,
      0.22349857147304827,
      0.005341697725448221,
      -0.07643822871953529,
      -0.12948812583070413,
      -0.08347899928492371,
      -0.6666811469780565,
      -0.3677123294414209,
      0.1968613503148748,
      0.23234639035366264,
      0.1342668778512307,
      0.39828914840800017,
      0.13555612968900896,
      -0.03216853489359414,
      -0.06745059587903761,
      -0.11864093654567971
    ],
    [
      -0.17597735900102152,
      0.31598899277279113,
      -0.027599763434927933,
      -0.18349423249010116,
      0.06379219788727555,
      0.05555794911090681,
      0.4769728512887411,
      -0.6073294010188078,
      -0.13213696598606273,
      -0.2794572560535332,
      0.2002007735740683,
      0.29689537400825944,
      0.0069737068693526616,
      0.059028429159441,
      -0.060110150918111935,
      0.017687452318858852
    ]
  ],
  "eigenvalues": [
    4368.364946758136,
    381.063959302823,
    194.4778396521111,
    164.0001344239108,
    154.06441799070151,
    135.34454979585067,
    121.88090381854516,
    101.96928237148514,
    90.1843113148243,
    80.3253680166905,
    63.7041254179407,
    56.26658081224468,
    54.14675014625461,
    41.89723967169679,
    37.52137263804536,
    28.96411322629425
  ]
}