{
  "schema": "anima/alm_r6_p1_lora_eigen/1",
  "schema_version": 1,
  "dest": "alm",
  "round": "r6_p1",
  "source": "real_gram_h_last_r6",
  "source_provenance": {
    "h_last_file": "state/h_last_raw_p1_TRAINED_r6.json",
    "schema_of_h_last": "anima/h_last_raw/2",
    "reduction": "byte_weighted_mean",
    "base_model": "Qwen/Qwen3-8B",
    "lora_rank": 64,
    "steps": 300,
    "method": "G = H @ H.T (16 prompts x 16 prompts), eigh -> 16 eigenvectors x 16 dims, descending |eigval|",
    "ref_phi_gate": "state/phi_4path_cross_result_v3_TRAINED_r6.json (same Gram spectra)",
    "lineage_commit": "1e064038 (phi_4path r6)",
    "adapter_commit_ref": "95a306ea (AN11(a) SSOT r6 witness)"
  },
  "eigenvectors": [
    [
      0.28442267233572666,
      0.2831862591788842,
      0.27436851658936967,
      0.31151614005547157,
      0.25825475853014135,
      0.2542329526702483,
      0.10051041641106294,
      0.15229166106604491,
      0.12267497572846967,
      0.16352053045762782,
      0.19384278943471098,
      0.1351002662038949,
      0.3068854728382259,
      0.28856359372548185,
      0.40209240397420315,
      0.25538740064245474
    ],
    [
      -0.1331744285755255,
      -0.10302292732044388,
      -0.1567673658027373,
      -0.13638240598006943,
      -0.10905162391208663,
      -0.12794007923603873,
      0.4083827914276602,
      0.30595499073916843,
      0.4143303272131827,
      0.43853089417238406,
      0.27075789291573416,
      0.41159165808573267,
      -0.04858892146881822,
      -0.10335798755930088,
      -0.14103842826189075,
      -0.014025306787609623
    ],
    [
      -0.16195536047581963,
      0.03056923248342073,
      -0.19739268726300827,
      0.022461926991521757,
      -0.1982534778901192,
      -0.3117875044376674,
      -0.35868383867937265,
      0.23805712997691583,
      -0.16689902227427475,
      -0.11094240393105011,
      0.6575622457536597,
      -0.0983474083967961,
      0.07823742330948252,
      0.06394912292215424,
      0.32108708480111825,
      -0.12647161044302654
    ],
    [
      -0.07013410178058176,
      -0.030282255461051948,
      -0.16138464860427484,
      0.3247215226573238,
      0.2264351525080296,
      0.12494680616951354,
      -0.05132005615591143,
      -0.24479142873035947,
      0.06853506078046959,
      -0.08072308429871922,
      0.2748626823356023,
      0.014205801928850932,
      0.5744492548117658,
      -0.323549415632489,
      -0.44352069248822745,
      -0.12199426651861182
    ],
    [
      -0.23653755091493303,
      -0.5605752739455662,
      -0.29254475123994866,
      -0.01796773541285711,
      0.22307806306303574,
      0.03873406325838903,
      -0.0484463341684335,
      -0.3074201906068039,
      -0.16959523563394346,
      0.16320552667544305,
      -0.017972900353564726,
      0.16294728916526757,
      0.05093856276006721,
      0.03987491412295223,
      0.3187479131006808,
      0.45576671373805067
    ],
    [
      -0.03297960574517699,
      -0.2712482325853956,
      0.30573641198085005,
      0.347588338308037,
      0.2430010032568524,
      0.25032299960131915,
      -0.17934450877784708,
      0.04976336868161767,
      0.012171373702855166,
      0.17102398255004442,
      0.16061090075329776,
      0.022887750044303514,
      -0.49597651807282434,
      -0.3540128171770905,
      0.13294406716878646,
      -0.33163750736659386
    ],
    [
      0.38980244741791836,
      0.09637633700867015,
      -0.1902392713407591,
      -0.05985837493997656,
      0.37113677277454654,
      -0.5169181452391787,
      0.18705764565566033,
      -0.11538482077221936,
      -0.07424152462700229,
      -0.0022528774159188583,
      -0.15416610446935178,
      0.10877984852537548,
      0.06771009673154804,
      -0.3188663901824625,
      0.33954468817922956,
      -0.2882228403319359
    ],
    [
      0.6970114820746423,
      -0.3332826131771701,
      -0.18845883721447287,
      -0.10204912699908723,
      -0.05236026195745746,
      0.18133266832302278,
      0.17515443637978195,
      -0.0513984120179859,
      -0.10936992731550292,
      -0.14134421762815524,
      0.3684846876771362,
      -0.08850505089800863,
      -0.19204650313991461,
      0.1740723428098805,
      -0.21102367547198972,
      0.030900154292865443
    ],
    [
      -0.10515410481918946,
      -0.12258371503371557,
      0.20690128347379885,
      -0.4140541865426813,
      0.1886041245621974,
      0.02561466169693425,
      -0.05077866276170943,
      -0.38926354574789207,
      0.5789279427810812,
      -0.15554657989031487,
      0.17531950150468364,
      -0.14302931001612415,
      0.05787270994732443,
      0.23952922776210395,
      0.16590390966957502,
      -0.26559444249327774
    ],
    [
      -0.066086671590409,
      0.05227962639129502,
      0.18169518171959934,
      0.4887972635577182,
      -0.22277508547124822,
      -0.442473468432518,
      0.27115922367539375,
      -0.5015415986412943,
      0.008858730615457847,
      0.1148937682389756,
      0.13820295005648894,
      -0.08541156400496892,
      -0.20648716732784758,
      0.23646321515089272,
      -0.08899356254421008,
      0.06583902742506688
    ],
    [
      -0.16221360543929805,
      0.2053395850694043,
      0.04733573414786511,
      -0.03592162244945866,
      0.39381355326671896,
      -0.13195095381338173,
      0.14448134367598864,
      0.11305592985385504,
      0.10550375807940186,
      -0.5249072708596337,
      0.2152870283906726,
      0.03801390549334164,
      -0.3351404328235042,
      -0.1879438776019094,
      -0.12763934268434976,
      0.47270353840059354
    ],
    [
      -0.038008560827739665,
      0.23750818938064855,
      -0.07002524586988064,
      -0.23361495419360823,
      0.19795500991673384,
      0.04689366948044142,
      0.09069036476050668,
      -0.05190422086427933,
      -0.09618959891352985,
      0.5267681394538983,
      0.16140409629652272,
      -0.6731039269814887,
      -0.056345133513546225,
      -0.17183515052302933,
      -0.05029330801357053,
      0.17109335009745405
    ],
    [
      -0.1554865168545032,
      -0.08869847388654893,
      -0.23509736273642065,
      0.1707345583000934,
      0.5172555388153344,
      -0.13880610558123652,
      -0.020268096703611058,
      0.2911647196193717,
      -0.055469496759406704,
      0.06558528632924089,
      -0.12594460336522112,
      -0.0990939769863813,
      -0.08322942179114862,
      0.5828539717547578,
      -0.25613686171692107,
      -0.2573235553708783
    ],
    [
      0.0963454772743956,
      0.477037622758061,
      -0.3213300551972629,
      -0.08382645274317554,
      0.06340447690240897,
      0.13673722032206484,
      -0.4281246160921283,
      -0.35124140328187736,
      0.0288472692007145,
      0.2035389732080264,
      0.0707562468214811,
      0.40381371232255736,
      -0.2987288026260547,
      0.10198507232728815,
      -0.11621272364125776,
      0.004108846842790673
    ],
    [
      -0.19787018026445408,
      0.0783889688073017,
      0.37055683765976316,
      -0.34210683099631223,
      0.13717486549735608,
      0.0775721171560561,
      0.27373885729566744,
      -0.13224760653381967,
      -0.6117299401854946,
      0.028398245264990095,
      0.22884018732803407,
      0.300131459693345,
      0.0748267992658698,
      0.09980709080183989,
      -0.09454026054688998,
      -0.2028084526209471
    ],
    [
      -0.24416696727861006,
      0.20308331072083888,
      -0.4533988336283443,
      0.15436060099175397,
      -0.10803505562244915,
      0.4264919284152824,
      0.4772968943033741,
      -0.09738126833257836,
      -0.024546876427639436,
      -0.2220700606023272,
      0.006115962298885925,
      -0.10243946476052086,
      -0.11852532901500906,
      0.012725540721522214,
      0.3117881745129224,
      -0.25886023232180805
    ]
  ],
  "eigenvalues": [
    3928.3295640944766,
    329.8461470244711,
    119.39722179740691,
    94.043935474398,
    65.76644053065853,
    60.46733217446578,
    50.317284732290986,
    42.82996974405487,
    35.20711473038115,
    32.951024626533915,
    31.14421314262291,
    27.55633686524424,
    27.07877278916433,
    23.38801702255464,
    19.477067091112268,
    16.681452743948608
  ]
}