{
  "schema": "anima/alm_r6_p3_lora_eigen/1",
  "schema_version": 1,
  "dest": "alm",
  "round": "r6_p3",
  "source": "real_gram_h_last_r6",
  "source_provenance": {
    "h_last_file": "state/h_last_raw_p3_TRAINED_r6.json",
    "schema_of_h_last": "anima/h_last_raw/2",
    "reduction": "byte_weighted_mean",
    "base_model": "mistralai/Mistral-Nemo-Base-2407",
    "lora_rank": 96,
    "steps": 300,
    "method": "G = H @ H.T (16 prompts x 16 prompts), eigh -> 16 eigenvectors x 16 dims, descending |eigval|",
    "ref_phi_gate": "state/phi_4path_cross_result_v3_TRAINED_r6.json (same Gram spectra)",
    "lineage_commit": "1e064038 (phi_4path r6)",
    "adapter_commit_ref": "95a306ea (AN11(a) SSOT r6 witness)"
  },
  "eigenvectors": [
    [
      0.30651906943974266,
      0.28770781359711395,
      0.2632031413668005,
      0.2719546710611893,
      0.28314177876624536,
      0.3047713398287353,
      0.10068583487005273,
      0.060463788268614004,
      0.02177435195480033,
      0.05768940148065141,
      0.06526490770043442,
      0.03892655409478559,
      0.3236289405857278,
      0.3656892378088045,
      0.37734058736630655,
      0.320561212381601
    ],
    [
      -0.06274617516984445,
      -0.0364327125288118,
      -0.07040582658839654,
      -0.01550001030392703,
      -0.017113369813797397,
      -0.04768904894130882,
      0.3193728667906845,
      0.3895957394330644,
      0.42854473850275643,
      0.4292215514546817,
      0.26281909101864415,
      0.5202536354816377,
      0.0748238197841367,
      -0.03692826529120207,
      -0.0834766551399071,
      -0.10787612096930045
    ],
    [
      -0.4086922715649715,
      -0.1308293779910814,
      -0.38088030052975835,
      -0.20570628072846436,
      -0.2363249218629337,
      -0.05526363710780286,
      0.2342461111741784,
      0.05232302601274792,
      -0.24125281971003965,
      -0.01674049058128062,
      -0.11820313015578116,
      0.02268185995613387,
      0.30930488872670275,
      0.4763940173366339,
      0.014845764711150665,
      0.34080223202998067
    ],
    [
      0.1387075213019606,
      0.171964249653877,
      -0.3716871717636496,
      0.38282153438125716,
      -0.02761700339572517,
      0.13122829680895481,
      -0.07256447946098596,
      -0.09637822945788783,
      -0.2056015186193138,
      0.2750789082000702,
      -0.4624322928291719,
      0.13648159468277418,
      0.325465770057959,
      -0.06653789417529832,
      -0.16545237868975643,
      -0.38184541138323713
    ],
    [
      0.3439608272169614,
      -0.25718007021924794,
      -0.2126628738054145,
      -0.5404803094026589,
      0.4913262661207308,
      -0.06765786077718326,
      0.04291720671386329,
      -0.23063588830457535,
      0.12698751195840058,
      0.025398692970867442,
      -0.3091571794098983,
      0.19052125203059259,
      -0.0032117797843678295,
      0.05406282844209232,
      0.15839588222905618,
      -0.022830270567002053
    ],
    [
      0.25729582324123557,
      -0.05277070915838564,
      -0.3583609098105449,
      0.29777459560405856,
      -0.1498168115962544,
      -0.195879710205491,
      0.03729547912463571,
      -0.05537118893817852,
      0.017279461858299084,
      0.10860639063035318,
      0.1254540226731386,
      -0.05060028761591897,
      -0.5779973242961397,
      0.4393498092917059,
      0.27598012821483964,
      -0.122408247713653
    ],
    [
      -0.01784835158246854,
      -0.10882569847686266,
      0.04567843183454456,
      0.07574744073070393,
      0.07527605679481957,
      -0.5296741909856475,
      0.18294925571231763,
      0.10125232822085066,
      -0.0794252789684557,
      -0.18571156427960286,
      0.15990017473202148,
      -0.1858584081322405,
      0.42241760239135195,
      -0.077648802519264,
      0.42185878762264156,
      -0.4321239804612003
    ],
    [
      0.4854008763259622,
      0.25866148202219863,
      -0.3502614102064744,
      -0.023832218299480797,
      0.07114182978249009,
      -0.26739170925027445,
      0.17242502434101425,
      0.18763244375900112,
      -0.11752169967935612,
      -0.18441476413291644,
      0.2453325024870598,
      -0.14392762396866782,
      0.09731667081992626,
      -0.17192014603931255,
      -0.41347114719780337,
      0.3066342680431102
    ],
    [
      0.3070399016528136,
      0.2481839286028495,
      0.36817394290221955,
      -0.3239040715811477,
      -0.4277457221756202,
      -0.09640504740342508,
      0.0786327644597131,
      0.15529781985851376,
      0.11445675068665358,
      -0.13643504701339862,
      -0.2890376637255836,
      0.004533283059976423,
      0.025088140725231894,
      0.3820167263362718,
      -0.19470749330282514,
      -0.2852176056293674
    ],
    [
      0.3931854236261186,
      -0.5584375541918631,
      -0.04438487492772402,
      -0.08771413548668955,
      -0.3763343373783947,
      0.4660965331765805,
      0.07256247137194667,
      0.08792433832750647,
      -0.11861523284218384,
      0.07708655023508357,
      0.20193783407591484,
      -0.1807665288381608,
      0.16932323938275515,
      -0.13368703156184064,
      0.08967833400506842,
      -0.06298649789283114
    ],
    [
      -0.07608648822901813,
      0.3794529332794002,
      -0.22899811012670693,
      -0.14080564159482184,
      -0.17081893310914711,
      0.27371974172001395,
      0.3885324194602435,
      0.1543707573077775,
      0.043904525318200806,
      -0.23779991984872456,
      -0.23068451172998625,
      -0.0023596435274778186,
      -0.21117137236064176,
      -0.384229428757449,
      0.441749430155699,
      -0.00225730478293379
    ],
    [
      -0.1479944207223021,
      0.08473393052883674,
      -0.13150055974410238,
      -0.11415755830337991,
      0.36067658654939044,
      0.4066164655829134,
      0.06273589858519917,
      0.14597647027012794,
      -0.21936677292159384,
      -0.3317204597227506,
      0.3337254972632825,
      0.054579162840668494,
      -0.08212635606709576,
      0.2756489696994053,
      -0.20561648256172954,
      -0.4716003884122056
    ],
    [
      -0.06621274394963395,
      0.27006634186615897,
      -0.034894852430975815,
      -0.36796452424911863,
      0.11352220410125406,
      0.0012975387461442254,
      -0.19536181429839844,
      0.2652830175874913,
      -0.18739998859644055,
      0.6207842761866108,
      0.07591385297123583,
      -0.4661657624226604,
      -0.04802904274442338,
      0.004148482434521312,
      0.11366851738940592,
      -0.0763175880584512
    ],
    [
      -0.02214708253664826,
      -0.27547572399721193,
      0.30462678237333823,
      0.2003491581570622,
      0.26236154503725895,
      -0.04918657570634297,
      0.5647348381796372,
      0.21957236234422595,
      -0.29938016152761526,
      0.13481589795909976,
      -0.3304469523728261,
      -0.16654915132737078,
      -0.26010050889426617,
      -0.015280168895376334,
      -0.19546968882565777,
      0.03825229495584499
    ],
    [
      0.06490147949163651,
      -0.1664162202201329,
      -0.0214273624794832,
      0.04883288887240288,
      0.04562520616929432,
      -0.080435352845686,
      -0.4821834836969093,
      0.6831837257169855,
      -0.2236349964037868,
      -0.19504608656398884,
      -0.21151867734442495,
      0.28325165749556247,
      -0.08212561904902005,
      -0.027608307398653213,
      0.15700211986784857,
      0.11078580606012328
    ],
    [
      -0.09874441238820086,
      -0.1428443809731407,
      -0.20591137570413642,
      0.16263628167309224,
      0.1438342856653319,
      0.11779439916513325,
      -0.07320236351285885,
      0.26172755105630097,
      0.6533583138581227,
      -0.15105815962082508,
      -0.23058636585401623,
      -0.5035868936191366,
      0.09342533619076339,
      0.1164289218097825,
      -0.11713592391914934,
      -0.010047512405087467
    ]
  ],
  "eigenvalues": [
    40673.6154334167,
    5428.728419887753,
    1815.600993836447,
    1522.3922045235668,
    992.8235534977025,
    863.9161167392931,
    820.5336766566508,
    608.2390113773143,
    497.8978763839687,
    427.16537295501536,
    345.15652865431576,
    305.553334870595,
    286.195710767922,
    208.29301700326647,
    202.15896114965142,
    147.90260926331678
  ]
}