{
  "schema": "anima/alm_r14_lora_eigen/1",
  "schema_version": 1,
  "dest": "alm",
  "round": "r14",
  "source": "real_gram_h_last_r14",
  "source_provenance": {
    "h_last_file": "state/h_last_raw_p1_TRAINED_r14.json",
    "schema_of_h_last": "anima/h_last_raw/2",
    "reduction": "byte_weighted_mean",
    "base_model": "google/gemma-2-9b",
    "lora_rank": 64,
    "lora_path": "/workspace/lora_gemma_ia3",
    "method": "G = H @ H.T (16 prompts x 16 prompts), eigh -> 16 eigenvectors x 16 dims, descending |eigval|",
    "hidden_dim_truncated": 256,
    "training_witness": "state/r14_full_run/r14_full/witness.json (1200 docs \u00d7 3 epochs, train_loss 1.43\u21920.98)"
  },
  "eigenvalues_sorted_desc_abs": [
    5304.263848552957,
    978.1957568374871,
    847.5354127048574,
    591.3047553330453,
    468.1975998372254,
    429.4057963890786,
    394.4128367812925,
    321.3718520716778,
    297.73149438033533,
    250.86947163604432,
    178.22045619497015,
    156.69254412000217,
    131.2682546782502,
    118.05536513854628,
    88.50800444471011,
    70.53759106881903
  ],
  "eigenvectors": [
    [
      0.2948918297753752,
      0.3133108589888469,
      0.309334430384646,
      0.3157729465430205,
      0.2916576254944478,
      0.3002706443927887,
      0.06093269495259766,
      0.03310440207446059,
      0.05548215329913278,
      0.11693103572979575,
      0.07663820082363422,
      0.04956114319626911,
      0.29502902947253934,
      0.31424228888648326,
      0.39426453494461755,
      0.2704139799906015
    ],
    [
      -0.01387992795127176,
      0.044497071378261,
      0.022923663244438026,
      0.16048258301304258,
      -0.03427352766977615,
      0.010203902885996733,
      0.36513425400737165,
      0.37763725744826615,
      0.42063196130947555,
      0.19940225050635088,
      0.3512110347135218,
      0.35703452963828614,
      -0.44965643200090727,
      -0.15660832634493146,
      -0.0076856945916557754,
      -0.006632736524645431
    ],
    [
      -0.3380075502521729,
      -0.20997516690989054,
      -0.27055000191325324,
      -0.04876197941032913,
      -0.42217297789565916,
      -0.15847584886737187,
      0.011593975876014368,
      0.07381884983941077,
      0.1234405918276259,
      0.27610248979288154,
      0.15886507037320494,
      0.08337048147590939,
      0.3567226389183098,
      0.3532991813055979,
      0.4251114242527041,
      -0.02660906367502093
    ],
    [
      -0.14398470309527187,
      0.11435946905945713,
      -0.011890295361521312,
      0.04425822037057713,
      -0.4515386231660346,
      0.39295644521412276,
      -0.22405892854593132,
      -0.050670940378580935,
      -0.060839311181269284,
      -0.14609403532863094,
      -0.1415312298336816,
      -0.1461577596451003,
      -0.535273341883048,
      0.07786472649610802,
      0.25359144672999684,
      0.3601265715369472
    ],
    [
      -0.07403872075023006,
      0.14153403655403057,
      -0.09344488227630525,
      0.5908184522213115,
      -0.051491597241441985,
      -0.6239648554870698,
      -0.022685276932945756,
      0.027331161669877178,
      -0.05827992863569463,
      -0.3964237700184749,
      0.0222061216566768,
      -0.028163114623443605,
      -0.008300920944145763,
      -0.042684730916134395,
      0.06034952426712911,
      0.23680217515345905
    ],
    [
      0.6343093526599352,
      0.25672854303755804,
      -0.32053358158176687,
      -0.38657424772312554,
      -0.31579097263693967,
      -0.16478965227769415,
      0.09140280068030916,
      0.11842196026968828,
      0.0282975690298837,
      -0.05694263814530787,
      0.03248347145290028,
      0.05873535174107743,
      0.11506579279808238,
      0.0014612947383589741,
      -0.08807710143488409,
      0.3174189535693201
    ],
    [
      0.34710193774788034,
      0.25889528500722725,
      0.0656823742890221,
      0.16090308685514856,
      -0.24507773966338484,
      -0.12161698881271907,
      -0.10574070381588338,
      -0.022047940860769385,
      -0.03217136921247246,
      0.047250865528459494,
      -0.10283786230520726,
      -0.06521111820045218,
      -0.21525118032208507,
      0.1985999512198114,
      0.18074367445481218,
      -0.7478164585740461
    ],
    [
      -0.15879156593980134,
      0.31761514554473125,
      -0.070138368670372,
      0.3154579220616905,
      -0.3849530930154841,
      0.40214489752369365,
      0.0068895065743231655,
      0.1557195566469819,
      -0.08472365659338983,
      -0.05359320015925662,
      0.1589992446241861,
      -0.016651633966161174,
      0.40705783350166547,
      -0.20024454985548262,
      -0.4179949235806741,
      -0.13836631457940157
    ],
    [
      0.4031747092280667,
      -0.6299797780892302,
      -0.33901618779158244,
      0.43709928082057853,
      -0.006349641948390356,
      0.2339242632538023,
      0.019934986805195485,
      -0.0647213396270411,
      -0.10565283241106511,
      0.05152857996675614,
      0.051450268467954544,
      -0.014966856502374398,
      -0.07135015149138721,
      0.165375380973992,
      -0.15975312140579936,
      0.024309848770887384
    ],
    [
      0.1339340669903302,
      -0.310357617988539,
      0.7077553311678411,
      -0.07072891729209006,
      -0.39553481886863184,
      -0.11500657660349171,
      0.07762749901670533,
      -0.1670141292446299,
      0.12247273222667786,
      -0.1909926120226774,
      0.26540242169307665,
      -0.06328990067632288,
      0.07530822397336441,
      0.11425154936751519,
      -0.1656841593534662,
      0.0642478155397139
    ],
    [
      -0.05023939425264506,
      0.20264261513150789,
      0.07515031728958191,
      0.13344110242747945,
      -0.07593665131602965,
      -0.2344719348109722,
      0.040866801268523885,
      -0.2828335233368942,
      -0.19388718366187618,
      0.7279555616538236,
      0.0005001536935220726,
      -0.1634730737860103,
      -0.15911084351105556,
      0.12295192324400929,
      -0.3313999209768667,
      0.21460413761696961
    ],
    [
      -0.18410091242876145,
      0.1671638593170934,
      -0.11551198264838139,
      -0.1187974944989361,
      0.1598526014727545,
      0.029858960754887733,
      0.018269157416029545,
      0.029119644398901672,
      0.008730104637703226,
      -0.28384276012924137,
      0.13012743196304635,
      0.16165643015445605,
      -0.14380939614576696,
      0.7609724452807315,
      -0.3985930105523799,
      -0.027122641594091786
    ],
    [
      -0.044202615598242366,
      -0.0256683195247745,
      0.019221868503243207,
      0.10437087759013466,
      -0.10454656056504655,
      0.022826431245652413,
      0.4062268751389353,
      -0.0027327873868083414,
      0.47183315598826564,
      -0.0153381899498991,
      -0.7263669456752171,
      -0.13058337843966708,
      0.09861226108098127,
      0.11477692811233782,
      -0.13596457472316614,
      0.02717539016852481
    ],
    [
      -0.06750390217974557,
      -0.015734360555668316,
      0.056682613762850075,
      -0.05413273484736076,
      -0.08588845605450533,
      0.039794786983161815,
      0.6983883498417611,
      0.0024406388587034145,
      -0.651900364003152,
      -0.09907202302302945,
      -0.08079841476027079,
      0.1434751021711695,
      -0.04930742372520765,
      0.014238970318631609,
      0.1610163379967147,
      -0.04331991482017924
    ],
    [
      -0.03011896837897039,
      0.1365640326592809,
      -0.2579238558002245,
      -0.03269317816322778,
      0.08884557931648776,
      0.09039633917976247,
      0.3583409557303136,
      -0.4949642859190032,
      0.25460590913144554,
      -0.14604693372326102,
      0.3970730837231176,
      -0.5035249685513937,
      -0.03628925657785646,
      -0.05908173921449789,
      0.11932038435556222,
      -0.08356682168850797
    ],
    [
      0.004210758795370284,
      0.08414722149131457,
      -0.06923480452664205,
      0.0584504842996958,
      -0.08371983489817565,
      0.05579595411369785,
      -0.05410741444389485,
      -0.6714488755706707,
      0.11129132186887089,
      -0.049910531841329285,
      -0.07924765303866048,
      0.6962213421161204,
      0.03779014427007683,
      -0.11407292563056184,
      0.01886297641321328,
      -0.010976648488625855
    ]
  ],
  "ts": "2026-04-26T06:39:18Z"
}