{
  "schema": "anima/alm_BASE_eigen/1",
  "dest": "alm",
  "round": "BASE",
  "source": "real_gram_h_last_BASE",
  "source_provenance": {
    "base_model": "meta-llama/Llama-3.1-8B",
    "method": "G=H@H.T eigh",
    "hidden_dim_truncated": 256
  },
  "eigenvectors": [
    [
      -0.2356861988905267,
      -0.25810668706384543,
      -0.25469735887297845,
      -0.25213256533529715,
      -0.24259239845771274,
      -0.2605866629841396,
      -0.24692612911895548,
      -0.20011334677410772,
      -0.21861708809220667,
      -0.2613994051681062,
      -0.180573497351348,
      -0.24649370836384576,
      -0.3022716224823729,
      -0.2974949015565951,
      -0.2612344236795775,
      -0.25300838395247327
    ],
    [
      -0.22968255328395315,
      -0.2208017617416318,
      -0.2147571648277036,
      -0.20090665134884425,
      -0.13432829054150713,
      -0.19503826089788676,
      0.31901320899423113,
      0.3217680474973164,
      0.4032020251068092,
      0.28208612300376795,
      0.3243753869793557,
      0.3411061570016842,
      -0.10271084780105463,
      -0.08415817507190193,
      -0.12889308958065002,
      -0.22947214749882958
    ],
    [
      -0.23216162674572421,
      -0.1223217675405519,
      -0.0661486571372658,
      -0.24174628820090394,
      -0.30526861339835515,
      -0.1456460003729037,
      0.00764042247255269,
      -0.12560176098807105,
      -0.14851815936760374,
      0.11450098728673398,
      -0.0855613633835637,
      -0.07574507944484832,
      0.37430589383400387,
      0.5050906814329778,
      0.4945687333442971,
      -0.22369549623560278
    ],
    [
      -0.17603674368695693,
      0.3107477219242784,
      0.5395424196559131,
      -0.16922059332910444,
      -0.40870249413389015,
      0.0029320680921148265,
      -0.1649295669866639,
      0.13914995309792563,
      0.1705707837502077,
      -0.23743215071755244,
      0.2031474787827637,
      0.016701038497150104,
      -0.29605085151376787,
      -0.14960042343001762,
      0.31498337208951876,
      0.05326659156056176
    ],
    [
      -0.2869431895353746,
      -0.06924425624216339,
      0.3801571994889751,
      0.22186692439715397,
      0.33591292970349085,
      0.25446681386946607,
      -0.03947320928789524,
      -0.03350820972876046,
      -0.07650230768585456,
      0.02694172505097297,
      -0.04138008658873055,
      0.08238408675349325,
      0.002799663826795276,
      -0.05522522040022817,
      -0.013946993438331065,
      -0.7214724733213076
    ],
    [
      -0.7646753777277038,
      -0.10094102699129029,
      0.07471950997090336,
      0.016664617539436065,
      0.0658490431709782,
      0.22200273699828135,
      0.035175299184806406,
      0.059374869988073245,
      -0.0978584607462455,
      0.14366700065788157,
      -0.20203643816858693,
      0.028160219709974572,
      0.06248043166924306,
      -0.035819091835700936,
      -0.1237402719100171,
      0.4985088767768464
    ],
    [
      0.09896504970616075,
      -0.4776443406986922,
      0.12033816524547997,
      0.5867894615165137,
      -0.5643315957252639,
      0.1789565045351693,
      -0.0392224314402096,
      -0.07190971434120569,
      0.007448009067222511,
      0.07023159582298952,
      0.15489214762474257,
      -0.04727882248931415,
      0.02180196790939839,
      0.0327316121544255,
      -0.10681529219441992,
      0.04338968485107202
    ],
    [
      -0.14350305960103915,
      0.29855416827634534,
      0.10333986497442126,
      0.43037470431954744,
      -0.059173198730474386,
      -0.6717478136039754,
      -0.07529406238490866,
      0.2980621470621791,
      -0.016027061388719715,
      -0.05793396308953364,
      -0.18045619000129265,
      0.004180969651031407,
      0.2202170045016127,
      0.08522478974188753,
      -0.22509174104697197,
      -0.04993717321437397
    ],
    [
      0.24501171113749098,
      -0.3175869732835466,
      0.5981009985284659,
      -0.4383692406436269,
      -0.0021528020044694483,
      -0.14953884601913012,
      0.018543992257568503,
      -0.0009745736544197215,
      0.011038576056625388,
      0.13500900934310514,
      -0.14084580986187925,
      -0.013846883887596294,
      0.3049315406971423,
      -0.0349450589125124,
      -0.35714700712716185,
      0.07979412438622975
    ],
    [
      -0.11141511627982323,
      -0.3184434898459519,
      0.14660769572162258,
      0.11677805135544009,
      0.39618380309619383,
      -0.40903432627781344,
      -0.1767441451860448,
      -0.4189162485943166,
      0.23877070312279824,
      -0.08320310835912903,
      0.2831850370245238,
      0.05310445664988948,
      -0.24099901903633925,
      0.23333344662646419,
      0.14739532138921577,
      0.19710663137801201
    ],
    [
      -0.05868946135121712,
      -0.13569636038329524,
      -0.11196370869425208,
      -0.09591799206244439,
      0.16772439080426077,
      0.1119613194965856,
      -0.4678745440355313,
      0.43768637856427206,
      -0.1287640750719803,
      -0.19293004817299325,
      0.5455891267635463,
      -0.21775377704014953,
      0.3102473070781083,
      0.05428199118560122,
      -0.08240387114330903,
      0.01965785077765913
    ],
    [
      0.014138944133943268,
      -0.25544603554293244,
      0.1200647174797031,
      0.038140785670524854,
      0.12220168938831753,
      -0.09684454446886896,
      0.6463520939636064,
      0.2940760556175971,
      -0.33347874942331784,
      -0.4241001869557273,
      0.06365005920214063,
      -0.2045801434094493,
      -0.15848882062496614,
      0.06360654963187644,
      0.14591392708490056,
      0.05181215286448633
    ],
    [
      0.0894794261238118,
      -0.2395063399909973,
      -0.06699651063526663,
      0.0016189201588577694,
      -0.0023174218707521324,
      0.0025859838323721513,
      -0.20610986980791296,
      0.12168507098060519,
      -0.14779924989794516,
      -0.3797266113929712,
      -0.2285082100037957,
      0.7696695641156003,
      0.11402316079670435,
      -0.10717620355611841,
      0.18274544095950246,
      0.0656530710851465
    ],
    [
      -0.0053876986576303154,
      0.2384440282381398,
      0.06434225874543141,
      -0.0933989137495166,
      -0.11453794477807241,
      0.01839039070493835,
      0.022491028924454735,
      -0.13918478010901678,
      -0.5337440260780091,
      0.10078591703429263,
      0.31440548372185306,
      0.33701641765655765,
      -0.2661412472047977,
      0.4151002984783147,
      -0.3824955167532576,
      -0.0017708988278670142
    ],
    [
      0.05783654788733024,
      -0.10693043815197087,
      -0.017796046077532098,
      -0.05783834695105549,
      0.00785777171940397,
      0.19671444872436183,
      -0.17465221532291114,
      0.33481501724798196,
      0.33425406685159,
      -0.14659441731428666,
      -0.38259783787984625,
      -0.08144465936689513,
      -0.35674063640798104,
      0.5935450318049914,
      -0.18008079016419148,
      -0.044466960433623685
    ],
    [
      0.14794883302529296,
      -0.17103014891490576,
      0.05611468257541427,
      0.03756291346128445,
      0.1025473205706514,
      -0.15778962482164818,
      -0.24133872104436044,
      0.3504263310913192,
      -0.345494995372815,
      0.5786926624522861,
      -0.12368944621026357,
      -0.04639178936585259,
      -0.36594623373136365,
      -0.12450366685587025,
      0.32289313018082777,
      0.04962299120859851
    ]
  ],
  "eigenvalues_sorted_desc_abs": [
    5259.305688483651,
    1454.9382554532044,
    333.44722027958045,
    137.6689788785838,
    120.215723961183,
    86.31771030663883,
    77.9715319196996,
    68.18279918915385,
    67.70608288959066,
    47.220410986369664,
    38.06041407856647,
    36.7468683200817,
    34.35375929076156,
    34.12596418866779,
    30.666894301378107,
    27.19132670564016
  ],
  "ts": "2026-04-26T05:00:39Z"
}